start_timestamp,end_timestamp,user_id,duration,start_time
1364359600,1364359812,u0,212,2013-03-27 04:46:40
1364382621,1364383065,u0,444,2013-03-27 11:10:21
1364383516,1364384993,u0,1477,2013-03-27 11:25:16
1364385033,1364385094,u0,61,2013-03-27 11:50:33
1364385786,1364385866,u0,80,2013-03-27 12:03:06
1364392342,1364392483,u0,141,2013-03-27 13:52:22
1364392953,1364396392,u0,3439,2013-03-27 14:02:33
1364396593,1364397833,u0,1240,2013-03-27 15:03:13
1364398314,1364398546,u0,232,2013-03-27 15:31:54
1364399237,1364399842,u0,605,2013-03-27 15:47:17
1364406569,1364412398,u0,5829,2013-03-27 17:49:29
1364412638,1364413102,u0,464,2013-03-27 19:30:38
1364413143,1364414607,u0,1464,2013-03-27 19:39:03
1364415108,1364418559,u0,3451,2013-03-27 20:11:48
1364418759,1364418910,u0,151,2013-03-27 21:12:39
1364419111,1364419887,u0,776,2013-03-27 21:18:31
1364419907,1364421460,u0,1553,2013-03-27 21:31:47
1364421701,1364422024,u0,323,2013-03-27 22:01:41
1364423447,1364423680,u0,233,2013-03-27 22:30:47
1364423950,1364424474,u0,524,2013-03-27 22:39:10
1364425437,1364425709,u0,272,2013-03-27 23:03:57
1364429498,1364430154,u0,656,2013-03-28 00:11:38
1364431316,1364431397,u0,81,2013-03-28 00:41:56
1364432841,1364433325,u0,484,2013-03-28 01:07:21
1364434037,1364435106,u0,1069,2013-03-28 01:27:17
1364436780,1364436982,u0,202,2013-03-28 02:13:00
1364470137,1364471467,u0,1330,2013-03-28 11:28:57
1364472420,1364472611,u0,191,2013-03-28 12:07:00
1364485842,1364485883,u0,41,2013-03-28 15:50:42
1364486361,1364490443,u0,4082,2013-03-28 15:59:21
1364490924,1364491236,u0,312,2013-03-28 17:15:24
1364491948,1364492029,u0,81,2013-03-28 17:32:28
1364492239,1364494326,u0,2087,2013-03-28 17:37:19
1364495027,1364495158,u0,131,2013-03-28 18:23:47
1364495369,1364495590,u0,221,2013-03-28 18:29:29
1364496021,1364496193,u0,172,2013-03-28 18:40:21
1364497355,1364497426,u0,71,2013-03-28 19:02:35
1364497646,1364497818,u0,172,2013-03-28 19:07:26
1364499031,1364500795,u0,1764,2013-03-28 19:30:31
1364502689,1364506854,u0,4165,2013-03-28 20:31:29
1364507315,1364509988,u0,2673,2013-03-28 21:48:35
1364510198,1364511115,u0,917,2013-03-28 22:36:38
1364516880,1364517233,u0,353,2013-03-29 00:28:00
1364518196,1364518559,u0,363,2013-03-29 00:49:56
1364518599,1364518841,u0,242,2013-03-29 00:56:39
1364519302,1364519423,u0,121,2013-03-29 01:08:22
1364520636,1364520827,u0,191,2013-03-29 01:30:36
1364521048,1364521845,u0,797,2013-03-29 01:37:28
1364522075,1364522539,u0,464,2013-03-29 01:54:35
1364522549,1364522589,u0,40,2013-03-29 02:02:29
1364522840,1364523001,u0,161,2013-03-29 02:07:20
1364525126,1364526660,u0,1534,2013-03-29 02:45:26
1364526880,1364527052,u0,172,2013-03-29 03:14:40
1364527523,1364527624,u0,101,2013-03-29 03:25:23
1364529291,1364529434,u0,143,2013-03-29 03:54:51
1364529935,1364531710,u0,1775,2013-03-29 04:05:35
1364554859,1364554940,u0,81,2013-03-29 11:00:59
1364556103,1364556213,u0,110,2013-03-29 11:21:43
1364556414,1364557076,u0,662,2013-03-29 11:26:54
1364557317,1364557801,u0,484,2013-03-29 11:41:57
1364558523,1364558594,u0,71,2013-03-29 12:02:03
1364565769,1364570409,u0,4640,2013-03-29 14:02:49
1364571120,1364571191,u0,71,2013-03-29 15:32:00
1364571431,1364574756,u0,3325,2013-03-29 15:37:11
1364575449,1364575751,u0,302,2013-03-29 16:44:09
1364579351,1364584091,u0,4740,2013-03-29 17:49:11
1364584342,1364584412,u0,70,2013-03-29 19:12:22
1364584622,1364585934,u0,1312,2013-03-29 19:17:02
1364586365,1364586839,u0,474,2013-03-29 19:46:05
1364588052,1364588112,u0,60,2013-03-29 20:14:12
1364589787,1364590139,u0,352,2013-03-29 20:43:07
1364593067,1364593138,u0,71,2013-03-29 21:37:47
1364594782,1364599834,u0,5052,2013-03-29 22:06:22
1364600094,1364600507,u0,413,2013-03-29 23:34:54
1364602171,1364602766,u0,595,2013-03-30 00:09:31
1364603017,1364603168,u0,151,2013-03-30 00:23:37
1364603389,1364603479,u0,90,2013-03-30 00:29:49
1364603690,1364603871,u0,181,2013-03-30 00:34:50
1364604583,1364605097,u0,514,2013-03-30 00:49:43
1364605548,1364606063,u0,515,2013-03-30 01:05:48
1364606263,1364606868,u0,605,2013-03-30 01:17:43
1364607358,1364607731,u0,373,2013-03-30 01:35:58
1364608182,1364608313,u0,131,2013-03-30 01:49:42
1364608774,1364609057,u0,283,2013-03-30 01:59:34
1364609277,1364609822,u0,545,2013-03-30 02:07:57
1364610042,1364611394,u0,1352,2013-03-30 02:20:42
1364611867,1364612129,u0,262,2013-03-30 02:51:07
1364612390,1364612834,u0,444,2013-03-30 02:59:50
1364613044,1364613579,u0,535,2013-03-30 03:10:44
1364613820,1364614072,u0,252,2013-03-30 03:23:40
1364662883,1364663749,u0,866,2013-03-30 17:01:23
1364663980,1364664746,u0,766,2013-03-30 17:19:40
1364665237,1364665630,u0,393,2013-03-30 17:40:37
1364665901,1364666334,u0,433,2013-03-30 17:51:41
1364666776,1364668328,u0,1552,2013-03-30 18:06:16
1364668589,1364671634,u0,3045,2013-03-30 18:36:29
1364671895,1364672832,u0,937,2013-03-30 19:31:35
1364673104,1364673214,u0,110,2013-03-30 19:51:44
1364673684,1364674793,u0,1109,2013-03-30 20:01:24
1364674994,1364676760,u0,1766,2013-03-30 20:23:14
1364677009,1364677150,u0,141,2013-03-30 20:56:49
1364677843,1364679396,u0,1553,2013-03-30 21:10:43
1364680348,1364681053,u0,705,2013-03-30 21:52:28
1364681244,1364684723,u0,3479,2013-03-30 22:07:24
1364684974,1364687173,u0,2199,2013-03-30 23:09:34
1364687363,1364693163,u0,5800,2013-03-30 23:49:23
1364693373,1364695896,u0,2523,2013-03-31 01:29:33
1364696136,1364705263,u0,9127,2013-03-31 02:15:36
1364705503,1364705826,u0,323,2013-03-31 04:51:43
1364707510,1364708267,u0,757,2013-03-31 05:25:10
1364742909,1364743010,u0,101,2013-03-31 15:15:09
1364745186,1364745851,u0,665,2013-03-31 15:53:06
1364745861,1364745982,u0,121,2013-03-31 16:04:21
1364746192,1364748068,u0,1876,2013-03-31 16:09:52
1364748289,1364749571,u0,1282,2013-03-31 16:44:49
1364749571,1364750126,u0,555,2013-03-31 17:06:11
1364750326,1364753841,u0,3515,2013-03-31 17:18:46
1364754051,1364754959,u0,908,2013-03-31 18:20:51
1364755199,1364760809,u0,5610,2013-03-31 18:39:59
1364760819,1364762009,u0,1190,2013-03-31 20:13:39
1364762240,1364763046,u0,806,2013-03-31 20:37:20
1364763277,1364764132,u0,855,2013-03-31 20:54:37
1364765136,1364766326,u0,1190,2013-03-31 21:25:36
1364766556,1364769613,u0,3057,2013-03-31 21:49:16
1364769864,1364771054,u0,1190,2013-03-31 22:44:24
1364771064,1364771114,u0,50,2013-03-31 23:04:24
1364771606,1364771706,u0,100,2013-03-31 23:13:26
1364772438,1364772498,u0,60,2013-03-31 23:27:18
1364778041,1364778202,u0,161,2013-04-01 01:00:41
1364786872,1364786943,u0,71,2013-04-01 03:27:52
1364787633,1364788129,u0,496,2013-04-01 03:40:33
1364789813,1364790025,u0,212,2013-04-01 04:16:53
1364791507,1364791608,u0,101,2013-04-01 04:45:07
1364811344,1364813275,u0,1931,2013-04-01 10:15:44
1364813486,1364813929,u0,443,2013-04-01 10:51:26
1364814150,1364814473,u0,323,2013-04-01 11:02:30
1364814683,1364814784,u0,101,2013-04-01 11:11:23
1364815515,1364817067,u0,1552,2013-04-01 11:25:15
1364817098,1364817249,u0,151,2013-04-01 11:51:38
1364818943,1364819004,u0,61,2013-04-01 12:22:23
1364825007,1364830061,u0,5054,2013-04-01 14:03:27
1364830533,1364830765,u0,232,2013-04-01 15:35:33
1364838463,1364843172,u0,4709,2013-04-01 17:47:43
1364843373,1364846348,u0,2975,2013-04-01 19:09:33
1364846558,1364848901,u0,2343,2013-04-01 20:02:38
1364849382,1364849674,u0,292,2013-04-01 20:49:42
1364849715,1364849836,u0,121,2013-04-01 20:55:15
1364850046,1364850268,u0,222,2013-04-01 21:00:46
1364851030,1364851423,u0,393,2013-04-01 21:17:10
1364851915,1364852015,u0,100,2013-04-01 21:31:55
1364852036,1364852621,u0,585,2013-04-01 21:33:56
1364852872,1364858279,u0,5407,2013-04-01 21:47:52
1364858299,1364858430,u0,131,2013-04-01 23:18:19
1364858901,1364858931,u0,30,2013-04-01 23:28:21
1364859192,1364860485,u0,1293,2013-04-01 23:33:12
1364860763,1364861158,u0,395,2013-04-01 23:59:23
1364862388,1364863697,u0,1309,2013-04-02 00:26:28
1364863717,1364863828,u0,111,2013-04-02 00:48:37
1364900846,1364901037,u0,191,2013-04-02 11:07:26
1364901277,1364901327,u0,50,2013-04-02 11:14:37
1364901809,1364901869,u0,60,2013-04-02 11:23:29
1364902560,1364903448,u0,888,2013-04-02 11:36:00
1364903784,1364904512,u0,728,2013-04-02 11:56:24
1364904542,1364904643,u0,101,2013-04-02 12:09:02
1364904901,1364907856,u0,2955,2013-04-02 12:15:01
1364907876,1364908290,u0,414,2013-04-02 13:04:36
1364909012,1364909576,u0,564,2013-04-02 13:23:32
1364909807,1364910331,u0,524,2013-04-02 13:36:47
1364910821,1364911133,u0,312,2013-04-02 13:53:41
1364911617,1364913374,u0,1757,2013-04-02 14:06:57
1364913585,1364914743,u0,1158,2013-04-02 14:39:45
1364915465,1364916082,u0,617,2013-04-02 15:11:05
1364916303,1364918152,u0,1849,2013-04-02 15:25:03
1364918393,1364924099,u0,5706,2013-04-02 15:59:53
1364924348,1364925458,u0,1110,2013-04-02 17:39:08
1364925709,1364926684,u0,975,2013-04-02 18:01:49
1364926926,1364927340,u0,414,2013-04-02 18:22:06
1364928051,1364928132,u0,81,2013-04-02 18:40:51
1364928372,1364928422,u0,50,2013-04-02 18:46:12
1364930127,1364930188,u0,61,2013-04-02 19:15:27
1364930639,1364930810,u0,171,2013-04-02 19:23:59
1364931312,1364931604,u0,292,2013-04-02 19:35:12
1364932086,1364932641,u0,555,2013-04-02 19:48:06
1364932871,1364933335,u0,464,2013-04-02 20:01:11
1364933596,1364934201,u0,605,2013-04-02 20:13:16
1364934441,1364934572,u0,131,2013-04-02 20:27:21
1364934803,1364934974,u0,171,2013-04-02 20:33:23
1364936408,1364936610,u0,202,2013-04-02 21:00:08
1364936840,1364937022,u0,182,2013-04-02 21:07:20
1364937022,1364938888,u0,1866,2013-04-02 21:10:22
1364939600,1364939721,u0,121,2013-04-02 21:53:20
1364943560,1364943681,u0,121,2013-04-02 22:59:20
1364943942,1364944073,u0,131,2013-04-02 23:05:42
1364944293,1364944435,u0,142,2013-04-02 23:11:33
1364948986,1364949218,u0,232,2013-04-03 00:29:46
1364949449,1364949781,u0,332,2013-04-03 00:37:29
1364950975,1364951056,u0,81,2013-04-03 01:02:55
1364951748,1364951929,u0,181,2013-04-03 01:15:48
1364952410,1364952511,u0,101,2013-04-03 01:26:50
1364972491,1364973490,u0,999,2013-04-03 07:01:31
1364984058,1364984390,u0,332,2013-04-03 10:14:18
1364984621,1364985347,u0,726,2013-04-03 10:23:41
1364985568,1364986911,u0,1343,2013-04-03 10:39:28
1364987141,1364987554,u0,413,2013-04-03 11:05:41
1364988987,1364989219,u0,232,2013-04-03 11:36:27
1364989460,1364990134,u0,674,2013-04-03 11:44:20
1364990625,1364990676,u0,51,2013-04-03 12:03:45
1364997652,1365002130,u0,4478,2013-04-03 14:00:52
1365002381,1365002815,u0,434,2013-04-03 15:19:41
1365003286,1365003699,u0,413,2013-04-03 15:34:46
1365003940,1365006829,u0,2889,2013-04-03 15:45:40
1365007542,1365009508,u0,1966,2013-04-03 16:45:42
1365009528,1365009659,u0,131,2013-04-03 17:18:48
1365009900,1365010677,u0,777,2013-04-03 17:25:00
1365011168,1365013417,u0,2249,2013-04-03 17:46:08
1365013447,1365016295,u0,2848,2013-04-03 18:24:07
1365017257,1365019254,u0,1997,2013-04-03 19:27:37
1365019475,1365019555,u0,80,2013-04-03 20:04:35
1365021219,1365021955,u0,736,2013-04-03 20:33:39
1365022938,1365023169,u0,231,2013-04-03 21:02:18
1365023180,1365023422,u0,242,2013-04-03 21:06:20
1365023883,1365024055,u0,172,2013-04-03 21:18:03
1365026240,1365026311,u0,71,2013-04-03 21:57:20
1365026990,1365032235,u0,5245,2013-04-03 22:09:50
1365032245,1365032436,u0,191,2013-04-03 23:37:25
1365032886,1365033261,u0,375,2013-04-03 23:48:06
1365033471,1365033854,u0,383,2013-04-03 23:57:51
1365034346,1365034426,u0,80,2013-04-04 00:12:26
1365034647,1365034727,u0,80,2013-04-04 00:17:27
1365074635,1365074725,u0,90,2013-04-04 11:23:55
1365074934,1365076434,u0,1500,2013-04-04 11:28:54
1365076644,1365076745,u0,101,2013-04-04 11:57:24
1365077938,1365078089,u0,151,2013-04-04 12:18:58
1365091785,1365094965,u0,3180,2013-04-04 16:09:45
1365095216,1365095740,u0,524,2013-04-04 17:06:56
1365098136,1365098237,u0,101,2013-04-04 17:55:36
1365098457,1365098669,u0,212,2013-04-04 18:00:57
1365098888,1365101058,u0,2170,2013-04-04 18:08:08
1365101780,1365102011,u0,231,2013-04-04 18:56:20
1365102252,1365102524,u0,272,2013-04-04 19:04:12
1365102755,1365102966,u0,211,2013-04-04 19:12:35
1365103239,1365103317,u0,78,2013-04-04 19:20:39
1365103578,1365103699,u0,121,2013-04-04 19:26:18
1365103930,1365104222,u0,292,2013-04-04 19:32:10
1365104734,1365105016,u0,282,2013-04-04 19:45:34
1365105267,1365105791,u0,524,2013-04-04 19:54:27
1365106031,1365107423,u0,1392,2013-04-04 20:07:11
1365113197,1365113338,u0,141,2013-04-04 22:06:37
1365115934,1365116558,u0,624,2013-04-04 22:52:14
1365116780,1365117739,u0,959,2013-04-04 23:06:20
1365118490,1365118541,u0,51,2013-04-04 23:34:50
1365121426,1365122414,u0,988,2013-04-05 00:23:46
1365122635,1365123028,u0,393,2013-04-05 00:43:55
1365123549,1365123922,u0,373,2013-04-05 00:59:09
1365124133,1365124486,u0,353,2013-04-05 01:08:53
1365124726,1365125836,u0,1110,2013-04-05 01:18:46
1365127740,1365128053,u0,313,2013-04-05 02:09:00
1365160745,1365161037,u0,292,2013-04-05 11:19:05
1365161248,1365162676,u0,1428,2013-04-05 11:27:28
1365170394,1365173782,u0,3388,2013-04-05 13:59:54
1365173792,1365176838,u0,3046,2013-04-05 14:56:32
1365177028,1365177826,u0,798,2013-04-05 15:50:28
1365177836,1365177907,u0,71,2013-04-05 16:03:56
1365178117,1365181415,u0,3298,2013-04-05 16:08:37
1365181906,1365182279,u0,373,2013-04-05 17:11:46
1365182500,1365182590,u0,90,2013-04-05 17:21:40
1365182821,1365183466,u0,645,2013-04-05 17:27:01
1365183947,1365184633,u0,686,2013-04-05 17:45:47
1365184633,1365188728,u0,4095,2013-04-05 17:57:13
1365189941,1365190385,u0,444,2013-04-05 19:25:41
1365190395,1365191847,u0,1452,2013-04-05 19:33:15
1365193501,1365193673,u0,172,2013-04-05 20:25:01
1365194154,1365194587,u0,433,2013-04-05 20:35:54
1365199369,1365200033,u0,664,2013-04-05 22:02:49
1365200295,1365200446,u0,151,2013-04-05 22:18:15
1365200647,1365201141,u0,494,2013-04-05 22:24:07
1365201882,1365202175,u0,293,2013-04-05 22:44:42
1365202395,1365205945,u0,3550,2013-04-05 22:53:15
1365206165,1365211744,u0,5579,2013-04-05 23:56:05
1365211974,1365217795,u0,5821,2013-04-06 01:32:54
1365218036,1365219044,u0,1008,2013-04-06 03:13:56
1365219284,1365219446,u0,162,2013-04-06 03:34:44
1365219917,1365220421,u0,504,2013-04-06 03:45:17
1365220642,1365220753,u0,111,2013-04-06 03:57:22
1365243377,1365243821,u0,444,2013-04-06 10:16:17
1365249363,1365249424,u0,61,2013-04-06 11:56:03
1365252571,1365252773,u0,202,2013-04-06 12:49:31
1365252783,1365252934,u0,151,2013-04-06 12:53:03
1365253175,1365253669,u0,494,2013-04-06 12:59:35
1365254119,1365254301,u0,182,2013-04-06 13:15:19
1365254562,1365254703,u0,141,2013-04-06 13:22:42
1365257825,1365258158,u0,333,2013-04-06 14:17:05
1365258621,1365258903,u0,282,2013-04-06 14:30:21
1365259394,1365259535,u0,141,2013-04-06 14:43:14
1365259995,1365260075,u0,80,2013-04-06 14:53:15
1365260306,1365260588,u0,282,2013-04-06 14:58:26
1365261090,1365261231,u0,141,2013-04-06 15:11:30
1365261251,1365261382,u0,131,2013-04-06 15:14:11
1365263779,1365263920,u0,141,2013-04-06 15:56:19
1365272791,1365272922,u0,131,2013-04-06 18:26:31
1365273413,1365273493,u0,80,2013-04-06 18:36:53
1365273949,1365274316,u0,367,2013-04-06 18:45:49
1365275269,1365275330,u0,61,2013-04-06 19:07:49
1365275791,1365276013,u0,222,2013-04-06 19:16:31
1365276464,1365278327,u0,1863,2013-04-06 19:27:44
1365278548,1365279990,u0,1442,2013-04-06 20:02:28
1365280010,1365282420,u0,2410,2013-04-06 20:26:50
1365282630,1365283144,u0,514,2013-04-06 21:10:30
1365283355,1365283899,u0,544,2013-04-06 21:22:35
1365284130,1365284412,u0,282,2013-04-06 21:35:30
1365284643,1365285217,u0,574,2013-04-06 21:44:03
1365285477,1365286537,u0,1060,2013-04-06 21:57:57
1365287259,1365289056,u0,1797,2013-04-06 22:27:39
1365289557,1365290001,u0,444,2013-04-06 23:05:57
1365293108,1365294056,u0,948,2013-04-07 00:05:08
1365294297,1365295365,u0,1068,2013-04-07 00:24:57
1365295396,1365295547,u0,151,2013-04-07 00:43:16
1365295567,1365295648,u0,81,2013-04-07 00:46:07
1365295858,1365298410,u0,2552,2013-04-07 00:50:58
1365298610,1365299528,u0,918,2013-04-07 01:36:50
1365299548,1365299628,u0,80,2013-04-07 01:52:28
1365299879,1365300020,u0,141,2013-04-07 01:57:59
1365300251,1365300463,u0,212,2013-04-07 02:04:11
1365300715,1365301219,u0,504,2013-04-07 02:11:55
1365301430,1365302368,u0,938,2013-04-07 02:23:50
1365302578,1365305776,u0,3198,2013-04-07 02:42:58
1365306257,1365306569,u0,312,2013-04-07 03:44:17
1365307772,1365309155,u0,1383,2013-04-07 04:09:32
1365344892,1365345538,u0,646,2013-04-07 14:28:12
1365345788,1365346504,u0,716,2013-04-07 14:43:08
1365346735,1365348409,u0,1674,2013-04-07 14:58:55
1365348680,1365348842,u0,162,2013-04-07 15:31:20
1365350316,1365350407,u0,91,2013-04-07 15:58:36
1365351139,1365351220,u0,81,2013-04-07 16:12:19
1365351661,1365352205,u0,544,2013-04-07 16:21:01
1365352476,1365352991,u0,515,2013-04-07 16:34:36
1365353011,1365353394,u0,383,2013-04-07 16:43:31
1365353404,1365353747,u0,343,2013-04-07 16:50:04
1365353968,1365354069,u0,101,2013-04-07 16:59:28
1365354340,1365354390,u0,50,2013-04-07 17:05:40
1365354620,1365354772,u0,152,2013-04-07 17:10:20
1365355945,1365359383,u0,3438,2013-04-07 17:32:25
1365359614,1365360632,u0,1018,2013-04-07 18:33:34
1365364595,1365364716,u0,121,2013-04-07 19:56:35
1365366409,1365366943,u0,534,2013-04-07 20:26:49
1365379652,1365380459,u0,807,2013-04-08 00:07:32
1365380700,1365381921,u0,1221,2013-04-08 00:25:00
1365382121,1365382343,u0,222,2013-04-08 00:48:41
1365382543,1365383148,u0,605,2013-04-08 00:55:43
1365383399,1365384085,u0,686,2013-04-08 01:09:59
1365384285,1365384467,u0,182,2013-04-08 01:24:45
1365385912,1365385962,u0,50,2013-04-08 01:51:52
1365387175,1365387245,u0,70,2013-04-08 02:12:55
1365389160,1365389210,u0,50,2013-04-08 02:46:00
1365389451,1365389854,u0,403,2013-04-08 02:50:51
1365392211,1365392392,u0,181,2013-04-08 03:36:51
1365392633,1365392814,u0,181,2013-04-08 03:43:53
1365393085,1365393206,u0,121,2013-04-08 03:51:25
1365395371,1365395412,u0,41,2013-04-08 04:29:31
1365419704,1365419835,u0,131,2013-04-08 11:15:04
1365420065,1365420116,u0,51,2013-04-08 11:21:05
1365420587,1365420728,u0,141,2013-04-08 11:29:47
1365421189,1365421611,u0,422,2013-04-08 11:39:49
1365421832,1365422144,u0,312,2013-04-08 11:50:32
1365423096,1365423207,u0,111,2013-04-08 12:11:36
1365423719,1365424687,u0,968,2013-04-08 12:21:59
1365428977,1365429098,u0,121,2013-04-08 13:49:37
1365429589,1365432503,u0,2914,2013-04-08 13:59:49
1365432714,1365433894,u0,1180,2013-04-08 14:51:54
1365433904,1365434873,u0,969,2013-04-08 15:11:44
1365435845,1365436470,u0,625,2013-04-08 15:44:05
1365436721,1365436811,u0,90,2013-04-08 15:58:41
1365437042,1365441126,u0,4084,2013-04-08 16:04:02
1365442811,1365442871,u0,60,2013-04-08 17:40:11
1365443352,1365447799,u0,4447,2013-04-08 17:49:12
1365448019,1365448443,u0,424,2013-04-08 19:06:59
1365451560,1365456604,u0,5044,2013-04-08 20:06:00
1365457566,1365457738,u0,172,2013-04-08 21:46:06
1365457989,1365458808,u0,819,2013-04-08 21:53:09
1365459260,1365459512,u0,252,2013-04-08 22:14:20
1365463593,1365463894,u0,301,2013-04-08 23:26:33
1365465598,1365465679,u0,81,2013-04-08 23:59:58
1365467394,1365467464,u0,70,2013-04-09 00:29:54
1365467935,1365468107,u0,172,2013-04-09 00:38:55
1365469792,1365469833,u0,41,2013-04-09 01:09:52
1365473441,1365473574,u0,133,2013-04-09 02:10:41
1365474516,1365479822,u0,5306,2013-04-09 02:28:36
1365506265,1365506336,u0,71,2013-04-09 11:17:45
1365507759,1365507910,u0,151,2013-04-09 11:42:39
1365512512,1365512895,u0,383,2013-04-09 13:01:52
1365513085,1365515399,u0,2314,2013-04-09 13:11:25
1365515590,1365516215,u0,625,2013-04-09 13:53:10
1365516436,1365516607,u0,171,2013-04-09 14:07:16
1365516858,1365520077,u0,3219,2013-04-09 14:14:18
1365520758,1365521101,u0,343,2013-04-09 15:19:18
1365533574,1365533655,u0,81,2013-04-09 18:52:54
1365536031,1365536898,u0,867,2013-04-09 19:33:51
1365537109,1365537512,u0,403,2013-04-09 19:51:49
1365537953,1365543168,u0,5215,2013-04-09 20:05:53
1365544401,1365544492,u0,91,2013-04-09 21:53:21
1365544973,1365545770,u0,797,2013-04-09 22:02:53
1365546009,1365546382,u0,373,2013-04-09 22:20:09
1365546633,1365547006,u0,373,2013-04-09 22:30:33
1365547236,1365547307,u0,71,2013-04-09 22:40:36
1365547527,1365547679,u0,152,2013-04-09 22:45:27
1365547699,1365547769,u0,70,2013-04-09 22:48:19
1365548730,1365548801,u0,71,2013-04-09 23:05:30
1365549052,1365549284,u0,232,2013-04-09 23:10:52
1365552140,1365552423,u0,283,2013-04-10 00:02:20
1365552664,1365553107,u0,443,2013-04-10 00:11:04
1365553358,1365553429,u0,71,2013-04-10 00:22:38
1365553680,1365553814,u0,134,2013-04-10 00:28:00
1365556422,1365556573,u0,151,2013-04-10 01:13:42
1365556773,1365557136,u0,363,2013-04-10 01:19:33
1365557157,1365557227,u0,70,2013-04-10 01:25:57
1365560555,1365560676,u0,121,2013-04-10 02:22:35
1365560937,1365560998,u0,61,2013-04-10 02:28:57
1365562208,1365562379,u0,171,2013-04-10 02:50:08
1365562610,1365562761,u0,151,2013-04-10 02:56:50
1365591822,1365591893,u0,71,2013-04-10 11:03:42
1365592103,1365593455,u0,1352,2013-04-10 11:08:23
1365594134,1365594578,u0,444,2013-04-10 11:42:14
1365595760,1365595972,u0,212,2013-04-10 12:09:20
1365600524,1365600585,u0,61,2013-04-10 13:28:44
1365602497,1365607239,u0,4742,2013-04-10 14:01:37
1365607489,1365608054,u0,565,2013-04-10 15:24:49
1365608745,1365608916,u0,171,2013-04-10 15:45:45
1365609156,1365612777,u0,3621,2013-04-10 15:52:36
1365615655,1365616028,u0,373,2013-04-10 17:40:55
1365616248,1365621049,u0,4801,2013-04-10 17:50:48
1365623193,1365623717,u0,524,2013-04-10 19:46:33
1365624452,1365625198,u0,746,2013-04-10 20:07:32
1365625676,1365626224,u0,548,2013-04-10 20:27:56
1365626484,1365626807,u0,323,2013-04-10 20:41:24
1365626837,1365627039,u0,202,2013-04-10 20:47:17
1365627501,1365627735,u0,234,2013-04-10 20:58:21
1365631790,1365632489,u0,699,2013-04-10 22:09:50
1365632961,1365633233,u0,272,2013-04-10 22:29:21
1365633243,1365633384,u0,141,2013-04-10 22:34:03
1365633876,1365633966,u0,90,2013-04-10 22:44:36
1365636393,1365636433,u0,40,2013-04-10 23:26:33
1365638368,1365638519,u0,151,2013-04-10 23:59:28
1365639943,1365640064,u0,121,2013-04-11 00:25:43
1365640765,1365640816,u0,51,2013-04-11 00:39:25
1365644445,1365644505,u0,60,2013-04-11 01:40:45
1365645478,1365645599,u0,121,2013-04-11 01:57:58
1365676821,1365676881,u0,60,2013-04-11 10:40:21
1365677864,1365677975,u0,111,2013-04-11 10:57:44
1365678446,1365679263,u0,817,2013-04-11 11:07:26
1365679303,1365679781,u0,478,2013-04-11 11:21:43
1365680012,1365682301,u0,2289,2013-04-11 11:33:32
1365682992,1365686714,u0,3722,2013-04-11 12:23:12
1365687185,1365687608,u0,423,2013-04-11 13:33:05
1365689322,1365689605,u0,283,2013-04-11 14:08:42
1365689835,1365690128,u0,293,2013-04-11 14:17:15
1365690378,1365690600,u0,222,2013-04-11 14:26:18
1365692534,1365692605,u0,71,2013-04-11 15:02:14
1365696193,1365699823,u0,3630,2013-04-11 16:03:13
1365700034,1365700488,u0,454,2013-04-11 17:07:14
1365700939,1365701191,u0,252,2013-04-11 17:22:19
1365703337,1365704336,u0,999,2013-04-11 18:02:17
1365705069,1365705520,u0,451,2013-04-11 18:31:09
1365705531,1365705785,u0,254,2013-04-11 18:38:51
1365706968,1365710027,u0,3059,2013-04-11 19:02:48
1365710748,1365711426,u0,678,2013-04-11 20:05:48
1365711656,1365711767,u0,111,2013-04-11 20:20:56
1365712247,1365716789,u0,4542,2013-04-11 20:30:47
1365717047,1365717259,u0,212,2013-04-11 21:50:47
1365717470,1365717731,u0,261,2013-04-11 21:57:50
1365717942,1365718407,u0,465,2013-04-11 22:05:42
1365718607,1365720362,u0,1755,2013-04-11 22:16:47
1365720593,1365721420,u0,827,2013-04-11 22:49:53
1365721911,1365722314,u0,403,2013-04-11 23:11:51
1365724440,1365724561,u0,121,2013-04-11 23:54:00
1365724571,1365724661,u0,90,2013-04-11 23:56:11
1365725884,1365726268,u0,384,2013-04-12 00:18:04
1365728392,1365728735,u0,343,2013-04-12 00:59:52
1365729506,1365729648,u0,142,2013-04-12 01:18:26
1365729898,1365730130,u0,232,2013-04-12 01:24:58
1365730130,1365730190,u0,60,2013-04-12 01:28:50
1365730912,1365731174,u0,262,2013-04-12 01:41:52
1365748752,1365748823,u0,71,2013-04-12 06:39:12
1365765643,1365765703,u0,60,2013-04-12 11:20:43
1365765944,1365766055,u0,111,2013-04-12 11:25:44
1365766306,1365766634,u0,328,2013-04-12 11:31:46
1365766644,1365767199,u0,555,2013-04-12 11:37:24
1365768653,1365768996,u0,343,2013-04-12 12:10:53
1365775011,1365776734,u0,1723,2013-04-12 13:56:51
1365776764,1365776865,u0,101,2013-04-12 14:26:04
1365776885,1365780547,u0,3662,2013-04-12 14:28:05
1365781741,1365786107,u0,4366,2013-04-12 15:49:01
1365786356,1365787719,u0,1363,2013-04-12 17:05:56
1365788692,1365788843,u0,151,2013-04-12 17:44:52
1365789074,1365789901,u0,827,2013-04-12 17:51:14
1365790122,1365792804,u0,2682,2013-04-12 18:08:42
1365793015,1365793126,u0,111,2013-04-12 18:56:55
1365793607,1365794192,u0,585,2013-04-12 19:06:47
1365794422,1365794967,u0,545,2013-04-12 19:20:22
1365795418,1365795832,u0,414,2013-04-12 19:36:58
1365796072,1365796425,u0,353,2013-04-12 19:47:52
1365796445,1365798080,u0,1635,2013-04-12 19:54:05
1365798290,1365801195,u0,2905,2013-04-12 20:24:50
1365801405,1365801476,u0,71,2013-04-12 21:16:45
1365801737,1365801908,u0,171,2013-04-12 21:22:17
1365802861,1365803042,u0,181,2013-04-12 21:41:01
1365803072,1365803345,u0,273,2013-04-12 21:44:32
1365803595,1365803878,u0,283,2013-04-12 21:53:15
1365804119,1365804855,u0,736,2013-04-12 22:01:59
1365805557,1365805890,u0,333,2013-04-12 22:25:57
1365806812,1365812000,u0,5188,2013-04-12 22:46:52
1365812261,1365812301,u0,40,2013-04-13 00:17:41
1365812543,1365812717,u0,174,2013-04-13 00:22:23
1365812737,1365813044,u0,307,2013-04-13 00:25:37
1365813275,1365814122,u0,847,2013-04-13 00:34:35
1365814363,1365814494,u0,131,2013-04-13 00:52:43
1365814704,1365815218,u0,514,2013-04-13 00:58:24
1365815499,1365816752,u0,1253,2013-04-13 01:11:39
1365817214,1365818051,u0,837,2013-04-13 01:40:14
1365818572,1365818946,u0,374,2013-04-13 02:02:52
1365819176,1365819206,u0,30,2013-04-13 02:12:56
1365819447,1365820335,u0,888,2013-04-13 02:17:27
1365820345,1365820790,u0,445,2013-04-13 02:32:25
1365821743,1365821803,u0,60,2013-04-13 02:55:43
1365822044,1365822124,u0,80,2013-04-13 03:00:44
1365822836,1365823209,u0,373,2013-04-13 03:13:56
1365823420,1365823551,u0,131,2013-04-13 03:23:40
1365823792,1365824114,u0,322,2013-04-13 03:29:52
1365824365,1365824536,u0,171,2013-04-13 03:39:25
1365825539,1365825590,u0,51,2013-04-13 03:58:59
1365825841,1365825921,u0,80,2013-04-13 04:04:01
1365825932,1365826032,u0,100,2013-04-13 04:05:32
1365826494,1365826695,u0,201,2013-04-13 04:14:54
1365827156,1365827277,u0,121,2013-04-13 04:25:56
1365864774,1365864884,u0,110,2013-04-13 14:52:54
1365865837,1365865937,u0,100,2013-04-13 15:10:37
1365866649,1365866921,u0,272,2013-04-13 15:24:09
1365868134,1365868356,u0,222,2013-04-13 15:48:54
1365868386,1365869041,u0,655,2013-04-13 15:53:06
1365869262,1365869932,u0,670,2013-04-13 16:07:42
1365870644,1365870724,u0,80,2013-04-13 16:30:44
1365870956,1365872166,u0,1210,2013-04-13 16:35:56
1365872166,1365872318,u0,152,2013-04-13 16:56:06
1365873550,1365873782,u0,232,2013-04-13 17:19:10
1365873802,1365873943,u0,141,2013-04-13 17:23:22
1365874706,1365874877,u0,171,2013-04-13 17:38:26
1365877985,1365878116,u0,131,2013-04-13 18:33:05
1365878346,1365878800,u0,454,2013-04-13 18:39:06
1365879732,1365879963,u0,231,2013-04-13 19:02:12
1365880224,1365880275,u0,51,2013-04-13 19:10:24
1365882208,1365883085,u0,877,2013-04-13 19:43:28
1365883326,1365883871,u0,545,2013-04-13 20:02:06
1365884362,1365884674,u0,312,2013-04-13 20:19:22
1365884885,1365886608,u0,1723,2013-04-13 20:28:05
1365886649,1365888141,u0,1492,2013-04-13 20:57:29
1365888141,1365892480,u0,4339,2013-04-13 21:22:21
1365892709,1365893990,u0,1281,2013-04-13 22:38:29
1365894702,1365894893,u0,191,2013-04-13 23:11:42
1365897048,1365897159,u0,111,2013-04-13 23:50:48
1365897871,1365901239,u0,3368,2013-04-14 00:04:31
1365901469,1365901903,u0,434,2013-04-14 01:04:29
1365902154,1365902224,u0,70,2013-04-14 01:15:54
1365903407,1365903498,u0,91,2013-04-14 01:36:47
1365903498,1365904264,u0,766,2013-04-14 01:38:18
1365904495,1365904616,u0,121,2013-04-14 01:54:55
1365904826,1365904927,u0,101,2013-04-14 02:00:26
1365908014,1365908125,u0,111,2013-04-14 02:53:34
1365910050,1365910234,u0,184,2013-04-14 03:27:30
1365910965,1365911026,u0,61,2013-04-14 03:42:45
1365914404,1365914475,u0,71,2013-04-14 04:40:04
1365934657,1365936555,u0,1898,2013-04-14 10:17:37
1365936806,1365937401,u0,595,2013-04-14 10:53:26
1365937651,1365937984,u0,333,2013-04-14 11:07:31
1365946198,1365946370,u0,172,2013-04-14 13:29:58
1365947093,1365947193,u0,100,2013-04-14 13:44:53
1365947464,1365947494,u0,30,2013-04-14 13:51:04
1365947976,1365948197,u0,221,2013-04-14 13:59:36
1365948486,1365948587,u0,101,2013-04-14 14:08:06
1365948607,1365948649,u0,42,2013-04-14 14:10:07
1365948900,1365948960,u0,60,2013-04-14 14:15:00
1365949442,1365949522,u0,80,2013-04-14 14:24:02
1365951406,1365951618,u0,212,2013-04-14 14:56:46
1365951667,1365951818,u0,151,2013-04-14 15:01:07
1365952089,1365952275,u0,186,2013-04-14 15:08:09
1365952485,1365952566,u0,81,2013-04-14 15:14:45
1365954702,1365954964,u0,262,2013-04-14 15:51:42
1365955205,1365955285,u0,80,2013-04-14 16:00:05
1365956397,1365956921,u0,524,2013-04-14 16:19:57
1365957142,1365957810,u0,668,2013-04-14 16:32:22
1365958051,1365958480,u0,429,2013-04-14 16:47:31
1365959182,1365961148,u0,1966,2013-04-14 17:06:22
1365964777,1365964827,u0,50,2013-04-14 18:39:37
1365965088,1365965179,u0,91,2013-04-14 18:44:48
1365965209,1365965290,u0,81,2013-04-14 18:46:49
1365965551,1365966428,u0,877,2013-04-14 18:52:31
1365966618,1365966709,u0,91,2013-04-14 19:10:18
1365968112,1365968294,u0,182,2013-04-14 19:35:12
1365970479,1365970641,u0,162,2013-04-14 20:14:39
1365971152,1365971282,u0,130,2013-04-14 20:25:52
1365972233,1365972535,u0,302,2013-04-14 20:43:53
1365972766,1365972927,u0,161,2013-04-14 20:52:46
1365989538,1365989750,u0,212,2013-04-15 01:32:18
1365990021,1365990091,u0,70,2013-04-15 01:40:21
1365992697,1365993212,u0,515,2013-04-15 02:24:57
1365996311,1365996805,u0,494,2013-04-15 03:25:11
1366004981,1366005052,u0,71,2013-04-15 05:49:41
1366021144,1366022751,u0,1607,2013-04-15 10:19:04
1366022992,1366024101,u0,1109,2013-04-15 10:49:52
1366024322,1366024402,u0,80,2013-04-15 11:12:02
1366026057,1366026137,u0,80,2013-04-15 11:40:57
1366026588,1366026820,u0,232,2013-04-15 11:49:48
1366026831,1366027369,u0,538,2013-04-15 11:53:51
1366027600,1366027680,u0,80,2013-04-15 12:06:40
1366034627,1366039479,u0,4852,2013-04-15 14:03:47
1366040462,1366042842,u0,2380,2013-04-15 15:41:02
1366042883,1366047098,u0,4215,2013-04-15 16:21:23
1366047298,1366047510,u0,212,2013-04-15 17:34:58
1366047731,1366047781,u0,50,2013-04-15 17:42:11
1366047801,1366048074,u0,273,2013-04-15 17:43:21
1366048314,1366052551,u0,4237,2013-04-15 17:51:54
1366052762,1366053044,u0,282,2013-04-15 19:06:02
1366053294,1366055937,u0,2643,2013-04-15 19:14:54
1366056188,1366057559,u0,1371,2013-04-15 20:03:08
1366057580,1366057902,u0,322,2013-04-15 20:26:20
1366058102,1366059151,u0,1049,2013-04-15 20:35:02
1366059853,1366060034,u0,181,2013-04-15 21:04:13
1366060044,1366060115,u0,71,2013-04-15 21:07:24
1366060326,1366060436,u0,110,2013-04-15 21:12:06
1366060697,1366060838,u0,141,2013-04-15 21:18:17
1366061059,1366062824,u0,1765,2013-04-15 21:24:19
1366063986,1366064157,u0,171,2013-04-15 22:13:06
1366064649,1366065301,u0,652,2013-04-15 22:24:09
1366065826,1366065877,u0,51,2013-04-15 22:43:46
1366066097,1366066491,u0,394,2013-04-15 22:48:17
1366067433,1366067614,u0,181,2013-04-15 23:10:33
1366070280,1366070583,u0,303,2013-04-15 23:58:00
1366071515,1366071737,u0,222,2013-04-16 00:18:35
1366071767,1366071838,u0,71,2013-04-16 00:22:47
1366072069,1366072181,u0,112,2013-04-16 00:27:49
1366072421,1366072724,u0,303,2013-04-16 00:33:41
1366073686,1366073888,u0,202,2013-04-16 00:54:46
1366076026,1366076289,u0,263,2013-04-16 01:33:46
1366076770,1366076941,u0,171,2013-04-16 01:46:10
1366078595,1366079232,u0,637,2013-04-16 02:16:35
1366087150,1366087251,u0,101,2013-04-16 04:39:10
1366087511,1366087703,u0,192,2013-04-16 04:45:11
1366095867,1366095918,u0,51,2013-04-16 07:04:27
1366107934,1366108640,u0,706,2013-04-16 10:25:34
1366108901,1366110591,u0,1690,2013-04-16 10:41:41
1366112235,1366112779,u0,544,2013-04-16 11:37:15
1366113041,1366113253,u0,212,2013-04-16 11:50:41
1366113484,1366113554,u0,70,2013-04-16 11:58:04
1366113805,1366114736,u0,931,2013-04-16 12:03:25
1366114967,1366114997,u0,30,2013-04-16 12:22:47
1366120079,1366120271,u0,192,2013-04-16 13:47:59
1366120552,1366120713,u0,161,2013-04-16 13:55:52
1366121195,1366124402,u0,3207,2013-04-16 14:06:35
1366124613,1366124955,u0,342,2013-04-16 15:03:33
1366125467,1366126446,u0,979,2013-04-16 15:17:47
1366126676,1366127231,u0,555,2013-04-16 15:37:56
1366127431,1366128128,u0,697,2013-04-16 15:50:31
1366130033,1366130234,u0,201,2013-04-16 16:33:53
1366132590,1366132781,u0,191,2013-04-16 17:16:30
1366135457,1366135578,u0,121,2013-04-16 18:04:17
1366139156,1366140518,u0,1362,2013-04-16 19:05:56
1366142483,1366142564,u0,81,2013-04-16 20:01:23
1366142805,1366146356,u0,3551,2013-04-16 20:06:45
1366146596,1366152303,u0,5707,2013-04-16 21:09:56
1366158933,1366161514,u0,2581,2013-04-17 00:35:33
1366167759,1366167961,u0,202,2013-04-17 03:02:39
1366193937,1366195288,u0,1351,2013-04-17 10:18:57
1366195539,1366196789,u0,1250,2013-04-17 10:45:39
1366197771,1366198578,u0,807,2013-04-17 11:22:51
1366199310,1366200075,u0,765,2013-04-17 11:48:30
1366200525,1366200626,u0,101,2013-04-17 12:08:45
1366202802,1366203003,u0,201,2013-04-17 12:46:42
1366207553,1366211338,u0,3785,2013-04-17 14:05:53
1366211579,1366211942,u0,363,2013-04-17 15:12:59
1366212172,1366212243,u0,71,2013-04-17 15:22:52
1366213184,1366213314,u0,130,2013-04-17 15:39:44
1366213777,1366216358,u0,2581,2013-04-17 15:49:37
1366216378,1366216549,u0,171,2013-04-17 16:32:58
1366217030,1366217231,u0,201,2013-04-17 16:43:50
1366220339,1366220601,u0,262,2013-04-17 17:38:59
1366220811,1366226147,u0,5336,2013-04-17 17:46:51
1366226407,1366226609,u0,202,2013-04-17 19:20:07
1366227783,1366228075,u0,292,2013-04-17 19:43:03
1366228316,1366232394,u0,4078,2013-04-17 19:51:56
1366234559,1366234922,u0,363,2013-04-17 21:35:59
1366235904,1366235945,u0,41,2013-04-17 21:58:24
1366236436,1366237615,u0,1179,2013-04-17 22:07:16
1366300125,1366300347,u0,222,2013-04-18 15:48:45
1366300808,1366301373,u0,565,2013-04-18 16:00:08
1366301593,1366304064,u0,2471,2013-04-18 16:13:13
1366304753,1366305106,u0,353,2013-04-18 17:05:53
1366305347,1366305417,u0,70,2013-04-18 17:15:47
1366306149,1366306311,u0,162,2013-04-18 17:29:09
1366312806,1366312978,u0,172,2013-04-18 19:20:06
1366314212,1366314292,u0,80,2013-04-18 19:43:32
1366316016,1366316500,u0,484,2013-04-18 20:13:36
1366316711,1366319897,u0,3186,2013-04-18 20:25:11
1366319907,1366320371,u0,464,2013-04-18 21:18:27
1366320622,1366321469,u0,847,2013-04-18 21:30:22
1366321951,1366322011,u0,60,2013-04-18 21:52:31
1366322252,1366323725,u0,1473,2013-04-18 21:57:32
1366323946,1366327235,u0,3289,2013-04-18 22:25:46
1366327466,1366331419,u0,3953,2013-04-18 23:24:26
1366331670,1366331831,u0,161,2013-04-19 00:34:30
1366332042,1366332143,u0,101,2013-04-19 00:40:42
1366333847,1366334059,u0,212,2013-04-19 01:10:47
1366334718,1366335000,u0,282,2013-04-19 01:25:18
1366337135,1366337348,u0,213,2013-04-19 02:05:35
1366337569,1366337708,u0,139,2013-04-19 02:12:49
1366337939,1366339450,u0,1511,2013-04-19 02:18:59
1366339651,1366339882,u0,231,2013-04-19 02:47:31
1366340133,1366340710,u0,577,2013-04-19 02:55:33
1366341171,1366341616,u0,445,2013-04-19 03:12:51
1366366840,1366366931,u0,91,2013-04-19 10:20:40
1366367202,1366367827,u0,625,2013-04-19 10:26:42
1366368779,1366369636,u0,857,2013-04-19 10:52:59
1366369917,1366370313,u0,396,2013-04-19 11:11:57
1366370553,1366371057,u0,504,2013-04-19 11:22:33
1366371759,1366372596,u0,837,2013-04-19 11:42:39
1366372855,1366373711,u0,856,2013-04-19 12:00:55
1366374392,1366374513,u0,121,2013-04-19 12:26:32
1366380276,1366385350,u0,5074,2013-04-19 14:04:36
1366386543,1366386593,u0,50,2013-04-19 15:49:03
1366386834,1366389402,u0,2568,2013-04-19 15:53:54
1366390134,1366390406,u0,272,2013-04-19 16:48:54
1366393254,1366393426,u0,172,2013-04-19 17:40:54
1366393927,1366397862,u0,3935,2013-04-19 17:52:07
1366397872,1366398265,u0,393,2013-04-19 18:57:52
1366398706,1366399089,u0,383,2013-04-19 19:11:46
1366399551,1366399722,u0,171,2013-04-19 19:25:51
1366399973,1366400164,u0,191,2013-04-19 19:32:53
1366400395,1366404631,u0,4236,2013-04-19 19:39:55
1366404831,1366405577,u0,746,2013-04-19 20:53:51
1366405587,1366405852,u0,265,2013-04-19 21:06:27
1366406093,1366407232,u0,1139,2013-04-19 21:14:53
1366407503,1366408207,u0,704,2013-04-19 21:38:23
1366408450,1366408673,u0,223,2013-04-19 21:54:10
1366408914,1366409832,u0,918,2013-04-19 22:01:54
1366410062,1366413370,u0,3308,2013-04-19 22:21:02
1366432486,1366433616,u0,1130,2013-04-20 04:34:46
1366467050,1366473868,u0,6818,2013-04-20 14:10:50
1366474119,1366474402,u0,283,2013-04-20 16:08:39
1366474422,1366475431,u0,1009,2013-04-20 16:13:42
1366475471,1366479823,u0,4352,2013-04-20 16:31:11
1366480064,1366480316,u0,252,2013-04-20 17:47:44
1366480807,1366481250,u0,443,2013-04-20 18:00:07
1366481281,1366482583,u0,1302,2013-04-20 18:08:01
1366482844,1366482975,u0,131,2013-04-20 18:34:04
1366483195,1366484165,u0,970,2013-04-20 18:39:55
1366484375,1366489267,u0,4892,2013-04-20 18:59:35
1366489477,1366492257,u0,2780,2013-04-20 20:24:37
1366492267,1366493155,u0,888,2013-04-20 21:11:07
1366493385,1366495470,u0,2085,2013-04-20 21:29:45
1366495943,1366496064,u0,121,2013-04-20 22:12:23
1366496283,1366496394,u0,111,2013-04-20 22:18:03
1366496886,1366496966,u0,80,2013-04-20 22:28:06
1366497428,1366497559,u0,131,2013-04-20 22:37:08
1366497779,1366498132,u0,353,2013-04-20 22:42:59
1366498373,1366498806,u0,433,2013-04-20 22:52:53
1366499037,1366501850,u0,2813,2013-04-20 23:03:57
1366501870,1366502001,u0,131,2013-04-20 23:51:10
1366502211,1366503462,u0,1251,2013-04-20 23:56:51
1366503713,1366505801,u0,2088,2013-04-21 00:21:53
1366506263,1366507215,u0,952,2013-04-21 01:04:23
1366507435,1366508161,u0,726,2013-04-21 01:23:55
1366508171,1366508272,u0,101,2013-04-21 01:36:11
1366508553,1366508856,u0,303,2013-04-21 01:42:33
1366509067,1366509137,u0,70,2013-04-21 01:51:07
1366509598,1366510395,u0,797,2013-04-21 01:59:58
1366511598,1366511911,u0,313,2013-04-21 02:33:18
1366512131,1366512353,u0,222,2013-04-21 02:42:11
1366512373,1366512565,u0,192,2013-04-21 02:46:13
1366517137,1366518054,u0,917,2013-04-21 04:05:37
1366545686,1366545896,u0,210,2013-04-21 12:01:26
1366546658,1366546880,u0,222,2013-04-21 12:17:38
1366548815,1366549400,u0,585,2013-04-21 12:53:35
1366549651,1366551649,u0,1998,2013-04-21 13:07:31
1366551870,1366553786,u0,1916,2013-04-21 13:44:30
1366554978,1366555230,u0,252,2013-04-21 14:36:18
1366555461,1366556056,u0,595,2013-04-21 14:44:21
1366556317,1366556882,u0,565,2013-04-21 14:58:37
1366557634,1366558098,u0,464,2013-04-21 15:20:34
1366558369,1366558510,u0,141,2013-04-21 15:32:49
1366558791,1366559033,u0,242,2013-04-21 15:39:51
1366559243,1366559485,u0,242,2013-04-21 15:47:23
1366559726,1366560099,u0,373,2013-04-21 15:55:26
1366560560,1366560863,u0,303,2013-04-21 16:09:20
1366560893,1366560953,u0,60,2013-04-21 16:14:53
1366561154,1366561426,u0,272,2013-04-21 16:19:14
1366561647,1366561737,u0,90,2013-04-21 16:27:27
1366562198,1366562450,u0,252,2013-04-21 16:36:38
1366564585,1366564656,u0,71,2013-04-21 17:16:25
1366568747,1366568797,u0,50,2013-04-21 18:25:47
1366569779,1366570001,u0,222,2013-04-21 18:42:59
1366572868,1366573201,u0,333,2013-04-21 19:34:28
1366575576,1366575667,u0,91,2013-04-21 20:19:36
1366576850,1366576971,u0,121,2013-04-21 20:40:50
1366577933,1366578115,u0,182,2013-04-21 20:58:53
1366579318,1366579509,u0,191,2013-04-21 21:21:58
1366579990,1366580232,u0,242,2013-04-21 21:33:10
1366581906,1366582188,u0,282,2013-04-21 22:05:06
1366583894,1366584186,u0,292,2013-04-21 22:38:14
1366584427,1366584629,u0,202,2013-04-21 22:47:07
1366584839,1366585031,u0,192,2013-04-21 22:53:59
1366585983,1366586094,u0,111,2013-04-21 23:13:03
1366586576,1366586746,u0,170,2013-04-21 23:22:56
1366589880,1366590445,u0,565,2013-04-22 00:18:00
1366591387,1366593152,u0,1765,2013-04-22 00:43:07
1366595769,1366595940,u0,171,2013-04-22 01:56:09
1366596201,1366596332,u0,131,2013-04-22 02:03:21
1366597997,1366598128,u0,131,2013-04-22 02:33:17
1366598338,1366598429,u0,91,2013-04-22 02:38:58
1366598890,1366598950,u0,60,2013-04-22 02:48:10
1366599181,1366599403,u0,222,2013-04-22 02:53:01
1366599603,1366599674,u0,71,2013-04-22 03:00:03
1366600145,1366600226,u0,81,2013-04-22 03:09:05
1366601203,1366601325,u0,122,2013-04-22 03:26:43
1366648897,1366649088,u0,191,2013-04-22 16:41:37
1366652185,1366652488,u0,303,2013-04-22 17:36:25
1366652969,1366653877,u0,908,2013-04-22 17:49:29
1366654087,1366657507,u0,3420,2013-04-22 18:08:07
1366657758,1366657980,u0,222,2013-04-22 19:09:18
1366658200,1366659622,u0,1422,2013-04-22 19:16:40
1366659863,1366659964,u0,101,2013-04-22 19:44:23
1366667214,1366667577,u0,363,2013-04-22 21:46:54
1366667808,1366668080,u0,272,2013-04-22 21:56:48
1366668290,1366668522,u0,232,2013-04-22 22:04:50
1366669475,1366669828,u0,353,2013-04-22 22:24:35
1366671772,1366672670,u0,898,2013-04-22 23:02:52
1366673151,1366673454,u0,303,2013-04-22 23:25:51
1366673694,1366673765,u0,71,2013-04-22 23:34:54
1366674495,1366676112,u0,1617,2013-04-22 23:48:15
1366676323,1366676444,u0,121,2013-04-23 00:18:43
1366677667,1366677737,u0,70,2013-04-23 00:41:07
1366678218,1366678289,u0,71,2013-04-23 00:50:18
1366715992,1366716073,u0,81,2013-04-23 11:19:52
1366716785,1366716855,u0,70,2013-04-23 11:33:05
1366717076,1366717900,u0,824,2013-04-23 11:37:56
1366718141,1366718836,u0,695,2013-04-23 11:55:41
1366719287,1366719428,u0,141,2013-04-23 12:14:47
1366722295,1366725471,u0,3176,2013-04-23 13:04:55
1366725722,1366729303,u0,3581,2013-04-23 14:02:02
1366729744,1366731590,u0,1846,2013-04-23 15:09:04
1366731611,1366732185,u0,574,2013-04-23 15:40:11
1366732386,1366732617,u0,231,2013-04-23 15:53:06
1366737189,1366738773,u0,1584,2013-04-23 17:13:09
1366738993,1366742272,u0,3279,2013-04-23 17:43:13
1366742983,1366743054,u0,71,2013-04-23 18:49:43
1366743274,1366743506,u0,232,2013-04-23 18:54:34
1366743516,1366743607,u0,91,2013-04-23 18:58:36
1366743647,1366745251,u0,1604,2013-04-23 19:00:47
1366745502,1366745683,u0,181,2013-04-23 19:31:42
1366745904,1366745974,u0,70,2013-04-23 19:38:24
1366746205,1366746747,u0,542,2013-04-23 19:43:25
1366746767,1366747082,u0,315,2013-04-23 19:52:47
1366747574,1366747725,u0,151,2013-04-23 20:06:14
1366748186,1366750839,u0,2653,2013-04-23 20:16:26
1366751060,1366755144,u0,4084,2013-04-23 21:04:20
1366755385,1366755486,u0,101,2013-04-23 22:16:25
1366756478,1366756639,u0,161,2013-04-23 22:34:38
1366756890,1366756971,u0,81,2013-04-23 22:41:30
1366757181,1366760590,u0,3409,2013-04-23 22:46:21
1366760851,1366762928,u0,2077,2013-04-23 23:47:31
1366763152,1366766642,u0,3490,2013-04-24 00:25:52
1366766872,1366767003,u0,131,2013-04-24 01:27:52
1366768688,1366769250,u0,562,2013-04-24 01:58:08
1366769460,1366770221,u0,761,2013-04-24 02:11:00
1366801949,1366802090,u0,141,2013-04-24 11:12:29
1366802100,1366802215,u0,115,2013-04-24 11:15:00
1366802465,1366802576,u0,111,2013-04-24 11:21:05
1366802827,1366803029,u0,202,2013-04-24 11:27:07
1366810211,1366810706,u0,495,2013-04-24 13:30:11
1366811658,1366812394,u0,736,2013-04-24 13:54:18
1366815730,1366815820,u0,90,2013-04-24 15:02:10
1366816291,1366816503,u0,212,2013-04-24 15:11:31
1366816774,1366817026,u0,252,2013-04-24 15:19:34
1366817227,1366818910,u0,1683,2013-04-24 15:27:07
1366819672,1366819752,u0,80,2013-04-24 16:07:52
1366820263,1366821936,u0,1673,2013-04-24 16:17:43
1366822179,1366823215,u0,1036,2013-04-24 16:49:39
1366823666,1366824120,u0,454,2013-04-24 17:14:26
1366824574,1366826127,u0,1553,2013-04-24 17:29:34
1366826366,1366827938,u0,1572,2013-04-24 17:59:26
1366828169,1366828927,u0,758,2013-04-24 18:29:29
1366829131,1366829742,u0,611,2013-04-24 18:45:31
1366829980,1366830477,u0,497,2013-04-24 18:59:40
1366830708,1366831031,u0,323,2013-04-24 19:11:48
1366831490,1366831724,u0,234,2013-04-24 19:24:50
1366832203,1366832649,u0,446,2013-04-24 19:36:43
1366832859,1366834246,u0,1387,2013-04-24 19:47:39
1366834500,1366835040,u0,540,2013-04-24 20:15:00
1366835507,1366836687,u0,1180,2013-04-24 20:31:47
1366836727,1366836802,u0,75,2013-04-24 20:52:07
1366837064,1366838274,u0,1210,2013-04-24 20:57:44
1366843125,1366843226,u0,101,2013-04-24 22:38:45
1366843457,1366843789,u0,332,2013-04-24 22:44:17
1366848130,1366848664,u0,534,2013-04-25 00:02:10
1366848895,1366849056,u0,161,2013-04-25 00:14:55
1366849517,1366849981,u0,464,2013-04-25 00:25:17
1366850472,1366850905,u0,433,2013-04-25 00:41:12
1366851858,1366851929,u0,71,2013-04-25 01:04:18
1366852871,1366853163,u0,292,2013-04-25 01:21:11
1366860152,1366860213,u0,61,2013-04-25 03:22:32
1366884971,1366885616,u0,645,2013-04-25 10:16:11
1366885867,1366886643,u0,776,2013-04-25 10:31:07
1366886864,1366887146,u0,282,2013-04-25 10:47:44
1366887858,1366888136,u0,278,2013-04-25 11:04:18
1366888612,1366888811,u0,199,2013-04-25 11:16:52
1366889021,1366889447,u0,426,2013-04-25 11:23:41
1366889695,1366890523,u0,828,2013-04-25 11:34:55
1366904727,1366904788,u0,61,2013-04-25 15:45:27
1366905279,1366905620,u0,341,2013-04-25 15:54:39
1366905840,1366909066,u0,3226,2013-04-25 16:04:00
1366909507,1366916933,u0,7426,2013-04-25 17:05:07
1366917154,1366917204,u0,50,2013-04-25 19:12:34
1366917925,1366918056,u0,131,2013-04-25 19:25:25
1366918297,1366922049,u0,3752,2013-04-25 19:31:37
1366922302,1366926063,u0,3761,2013-04-25 20:38:22
1366926284,1366926364,u0,80,2013-04-25 21:44:44
1366927056,1366927136,u0,80,2013-04-25 21:57:36
1366927347,1366928436,u0,1089,2013-04-25 22:02:27
1366928677,1366931147,u0,2470,2013-04-25 22:24:37
1366931378,1366931519,u0,141,2013-04-25 23:09:38
1366931739,1366932536,u0,797,2013-04-25 23:15:39
1366932756,1366932988,u0,232,2013-04-25 23:32:36
1366933269,1366933527,u0,258,2013-04-25 23:41:09
1366934019,1366934134,u0,115,2013-04-25 23:53:39
1366935117,1366935187,u0,70,2013-04-26 00:11:57
1366935408,1366935750,u0,342,2013-04-26 00:16:48
1366935771,1366935962,u0,191,2013-04-26 00:22:51
1366937869,1366937960,u0,91,2013-04-26 00:57:49
1366938201,1366938432,u0,231,2013-04-26 01:03:21
1366938643,1366939349,u0,706,2013-04-26 01:10:43
1366940302,1366940515,u0,213,2013-04-26 01:38:22
1366943898,1366943969,u0,71,2013-04-26 02:38:18
1366960793,1366961045,u0,252,2013-04-26 07:19:53
1366962468,1366962731,u0,263,2013-04-26 07:47:48
1366971354,1366974420,u0,3066,2013-04-26 10:15:54
1366974671,1366974751,u0,80,2013-04-26 11:11:11
1366975734,1366976177,u0,443,2013-04-26 11:28:54
1366976378,1366976720,u0,342,2013-04-26 11:39:38
1366977442,1366977523,u0,81,2013-04-26 11:57:22
1366978745,1366978856,u0,111,2013-04-26 12:19:05
1366985090,1366990234,u0,5144,2013-04-26 14:04:50
1366990705,1366994266,u0,3561,2013-04-26 15:38:25
1366998314,1366998385,u0,71,2013-04-26 17:45:14
1366998605,1367004448,u0,5843,2013-04-26 17:50:05
1367004940,1367005699,u0,759,2013-04-26 19:35:40
1367005960,1367006162,u0,202,2013-04-26 19:52:40
1367006413,1367006675,u0,262,2013-04-26 20:00:13
1367006895,1367008181,u0,1286,2013-04-26 20:08:15
1367008401,1367008572,u0,171,2013-04-26 20:33:21
1367008813,1367009408,u0,595,2013-04-26 20:40:13
1367012536,1367013504,u0,968,2013-04-26 21:42:16
1367013735,1367015187,u0,1452,2013-04-26 22:02:15
1367015418,1367015499,u0,81,2013-04-26 22:30:18
1367015959,1367016091,u0,132,2013-04-26 22:39:19
1367016321,1367017821,u0,1500,2013-04-26 22:45:21
1367018302,1367021298,u0,2996,2013-04-26 23:18:22
1367021559,1367022225,u0,666,2013-04-27 00:12:39
1367022465,1367022700,u0,235,2013-04-27 00:27:45
1367023168,1367023242,u0,74,2013-04-27 00:39:28
1367023733,1367023975,u0,242,2013-04-27 00:48:53
1367024668,1367024960,u0,292,2013-04-27 01:04:28
1367024990,1367025555,u0,565,2013-04-27 01:09:50
1367025765,1367026310,u0,545,2013-04-27 01:22:45
1367026781,1367026986,u0,205,2013-04-27 01:39:41
1367028190,1367028614,u0,424,2013-04-27 02:03:10
1367030779,1367031011,u0,232,2013-04-27 02:46:19
1367057670,1367059454,u0,1784,2013-04-27 10:14:30
1367060453,1367061815,u0,1362,2013-04-27 11:00:53
1367063260,1367063401,u0,141,2013-04-27 11:47:40
1367063862,1367064064,u0,202,2013-04-27 11:57:42
1367064775,1367064987,u0,212,2013-04-27 12:12:55
1367065970,1367066444,u0,474,2013-04-27 12:32:50
1367066705,1367067017,u0,312,2013-04-27 12:45:05
1367067529,1367067922,u0,393,2013-04-27 12:58:49
1367068443,1367068766,u0,323,2013-04-27 13:14:03
1367068796,1367068867,u0,71,2013-04-27 13:19:56
1367069821,1367070174,u0,353,2013-04-27 13:37:01
1367071143,1367071325,u0,182,2013-04-27 13:59:03
1367071555,1367071646,u0,91,2013-04-27 14:05:55
1367071927,1367072244,u0,317,2013-04-27 14:12:07
1367072254,1367072476,u0,222,2013-04-27 14:17:34
1367074872,1367075103,u0,231,2013-04-27 15:01:12
1367075585,1367075867,u0,282,2013-04-27 15:13:05
1367076138,1367077278,u0,1140,2013-04-27 15:22:18
1367077519,1367078154,u0,635,2013-04-27 15:45:19
1367078897,1367079350,u0,453,2013-04-27 16:08:17
1367079602,1367080197,u0,595,2013-04-27 16:20:02
1367080655,1367081391,u0,736,2013-04-27 16:37:35
1367088124,1367088375,u0,251,2013-04-27 18:42:04
1367089089,1367089149,u0,60,2013-04-27 18:58:09
1367092265,1367093092,u0,827,2013-04-27 19:51:05
1367093122,1367093183,u0,61,2013-04-27 20:05:22
1367094844,1367102561,u0,7717,2013-04-27 20:34:04
1367102760,1367107471,u0,4711,2013-04-27 22:46:00
1367107691,1367109377,u0,1686,2013-04-28 00:08:11
1367109849,1367110959,u0,1110,2013-04-28 00:44:09
1367111190,1367111563,u0,373,2013-04-28 01:06:30
1367151258,1367153436,u0,2178,2013-04-28 12:14:18
1367162056,1367162692,u0,636,2013-04-28 15:14:16
1367162892,1367165392,u0,2500,2013-04-28 15:28:12
1367166334,1367166556,u0,222,2013-04-28 16:25:34
1367167068,1367169319,u0,2251,2013-04-28 16:37:48
1367169570,1367169983,u0,413,2013-04-28 17:19:30
1367170725,1367170957,u0,232,2013-04-28 17:38:45
1367171679,1367172021,u0,342,2013-04-28 17:54:39
1367172513,1367172696,u0,183,2013-04-28 18:08:33
1367174369,1367174460,u0,91,2013-04-28 18:39:29
1367174701,1367174903,u0,202,2013-04-28 18:45:01
1367175885,1367175955,u0,70,2013-04-28 19:04:45
1367176176,1367176255,u0,79,2013-04-28 19:09:36
1367176507,1367176719,u0,212,2013-04-28 19:15:07
1367177220,1367177260,u0,40,2013-04-28 19:27:00
1367177762,1367177933,u0,171,2013-04-28 19:36:02
1367178405,1367178455,u0,50,2013-04-28 19:46:45
1367179437,1367179508,u0,71,2013-04-28 20:03:57
1367179959,1367180221,u0,262,2013-04-28 20:12:39
1367180682,1367180813,u0,131,2013-04-28 20:24:42
1367181049,1367181291,u0,242,2013-04-28 20:30:49
1367181542,1367182171,u0,629,2013-04-28 20:39:02
1367182903,1367183699,u0,796,2013-04-28 21:01:43
1367184902,1367184993,u0,91,2013-04-28 21:35:02
1367185264,1367185597,u0,333,2013-04-28 21:41:04
1367185607,1367185909,u0,302,2013-04-28 21:46:47
1367187346,1367187598,u0,252,2013-04-28 22:15:46
1367188574,1367188705,u0,131,2013-04-28 22:36:14
1367189148,1367189511,u0,363,2013-04-28 22:45:48
1367189992,1367190063,u0,71,2013-04-28 22:59:52
1367190283,1367190475,u0,192,2013-04-28 23:04:43
1367195763,1367197357,u0,1594,2013-04-29 00:36:03
1367198309,1367198682,u0,373,2013-04-29 01:18:29
1367200407,1367200770,u0,363,2013-04-29 01:53:27
1367200980,1367201688,u0,708,2013-04-29 02:03:00
1367228155,1367228206,u0,51,2013-04-29 09:35:55
1367230151,1367230776,u0,625,2013-04-29 10:09:11
1367231037,1367232096,u0,1059,2013-04-29 10:23:57
1367232367,1367233416,u0,1049,2013-04-29 10:46:07
1367234393,1367234814,u0,421,2013-04-29 11:19:53
1367235062,1367235134,u0,72,2013-04-29 11:31:02
1367235335,1367235788,u0,453,2013-04-29 11:35:35
1367236279,1367236390,u0,111,2013-04-29 11:51:19
1367236611,1367236863,u0,252,2013-04-29 11:56:51
1367244080,1367249425,u0,5345,2013-04-29 14:01:20
1367249636,1367250816,u0,1180,2013-04-29 15:33:56
1367251026,1367251582,u0,556,2013-04-29 15:57:06
1367251592,1367255173,u0,3581,2013-04-29 16:06:32
1367255193,1367255537,u0,344,2013-04-29 17:06:33
1367257692,1367261819,u0,4127,2013-04-29 17:48:12
1367262551,1367262803,u0,252,2013-04-29 19:09:11
1367262823,1367263448,u0,625,2013-04-29 19:13:43
1367263689,1367264153,u0,464,2013-04-29 19:28:09
1367264383,1367265443,u0,1060,2013-04-29 19:39:43
1367267937,1367268734,u0,797,2013-04-29 20:38:57
1367268954,1367270083,u0,1129,2013-04-29 20:55:54
1367270284,1367271221,u0,937,2013-04-29 21:18:04
1367271422,1367273459,u0,2037,2013-04-29 21:37:02
1367273490,1367275042,u0,1552,2013-04-29 22:11:30
1367275273,1367276221,u0,948,2013-04-29 22:41:13
1367276963,1367277043,u0,80,2013-04-29 23:09:23
1367277524,1367277605,u0,81,2013-04-29 23:18:44
1367278577,1367280061,u0,1484,2013-04-29 23:36:17
1367280071,1367281665,u0,1594,2013-04-30 00:01:11
1367282617,1367283022,u0,405,2013-04-30 00:43:37
1367283271,1367283562,u0,291,2013-04-30 00:54:31
1367283803,1367284115,u0,312,2013-04-30 01:03:23
1367284336,1367285153,u0,817,2013-04-30 01:12:16
1367285383,1367285757,u0,374,2013-04-30 01:29:43
1367285977,1367286108,u0,131,2013-04-30 01:39:37
1367286349,1367286520,u0,171,2013-04-30 01:45:49
1367287011,1367287374,u0,363,2013-04-30 01:56:51
1367287585,1367287675,u0,90,2013-04-30 02:06:25
1367287906,1367288017,u0,111,2013-04-30 02:11:46
1367288498,1367288692,u0,194,2013-04-30 02:21:38
1367288913,1367289064,u0,151,2013-04-30 02:28:33
1367290247,1367290298,u0,51,2013-04-30 02:50:47
1367291260,1367291381,u0,121,2013-04-30 03:07:40
1367319508,1367319639,u0,131,2013-04-30 10:58:28
1367320090,1367320464,u0,374,2013-04-30 11:08:10
1367320714,1367320886,u0,172,2013-04-30 11:18:34
1367321116,1367321257,u0,141,2013-04-30 11:25:16
1367323178,1367323249,u0,71,2013-04-30 11:59:38
1367323480,1367326828,u0,3348,2013-04-30 12:04:40
1367327800,1367328674,u0,874,2013-04-30 13:16:40
1367328926,1367329046,u0,120,2013-04-30 13:35:26
1367329057,1367329984,u0,927,2013-04-30 13:37:37
1367330215,1367330860,u0,645,2013-04-30 13:56:55
1367331592,1367331795,u0,203,2013-04-30 14:19:52
1367332074,1367332155,u0,81,2013-04-30 14:27:54
1367333079,1367333692,u0,613,2013-04-30 14:44:39
1367349428,1367349709,u0,281,2013-04-30 19:17:08
1367349960,1367354309,u0,4349,2013-04-30 19:26:00
1367354520,1367354923,u0,403,2013-04-30 20:42:00
1367355374,1367355657,u0,283,2013-04-30 20:56:14
1367356629,1367357789,u0,1160,2013-04-30 21:17:09
1367358270,1367358401,u0,131,2013-04-30 21:44:30
1367360305,1367361072,u0,767,2013-04-30 22:18:25
1367361093,1367361284,u0,191,2013-04-30 22:31:33
1367361745,1367361826,u0,81,2013-04-30 22:42:25
1367362046,1367362302,u0,256,2013-04-30 22:47:26
1367362533,1367362976,u0,443,2013-04-30 22:55:33
1367363207,1367363338,u0,131,2013-04-30 23:06:47
1367365704,1367366047,u0,343,2013-04-30 23:48:24
1367366077,1367366319,u0,242,2013-04-30 23:54:37
1367367281,1367367332,u0,51,2013-05-01 00:14:41
1367367342,1367367483,u0,141,2013-05-01 00:15:42
1367368174,1367369828,u0,1654,2013-05-01 00:29:34
1367369868,1367369969,u0,101,2013-05-01 00:57:48
1367370209,1367370482,u0,273,2013-05-01 01:03:29
1367370682,1367370813,u0,131,2013-05-01 01:11:22
1367373229,1367373613,u0,384,2013-05-01 01:53:49
1367373884,1367374025,u0,141,2013-05-01 02:04:44
1367374225,1367374326,u0,101,2013-05-01 02:10:25
1367376000,1367376091,u0,91,2013-05-01 02:40:00
1367376582,1367376632,u0,50,2013-05-01 02:49:42
1367376873,1367377599,u0,726,2013-05-01 02:54:33
1367377609,1367379767,u0,2158,2013-05-01 03:06:49
1367380258,1367380591,u0,333,2013-05-01 03:50:58
1367381571,1367382156,u0,585,2013-05-01 04:12:51
1367389156,1367389196,u0,40,2013-05-01 06:19:16
1367405769,1367406001,u0,232,2013-05-01 10:56:09
1367406503,1367406573,u0,70,2013-05-01 11:08:23
1367406794,1367406884,u0,90,2013-05-01 11:13:14
1367407115,1367407488,u0,373,2013-05-01 11:18:35
1367407699,1367407850,u0,151,2013-05-01 11:28:19
1367409971,1367410346,u0,375,2013-05-01 12:06:11
1367410599,1367411184,u0,585,2013-05-01 12:16:39
1367411414,1367411575,u0,161,2013-05-01 12:30:14
1367412047,1367412339,u0,292,2013-05-01 12:40:47
1367412550,1367413477,u0,927,2013-05-01 12:49:10
1367413708,1367414536,u0,828,2013-05-01 13:08:28
1367414566,1367414637,u0,71,2013-05-01 13:22:46
1367414854,1367415370,u0,516,2013-05-01 13:27:34
1367415649,1367415790,u0,141,2013-05-01 13:40:49
1367416752,1367421859,u0,5107,2013-05-01 13:59:12
1367422340,1367422441,u0,101,2013-05-01 15:32:20
1367422661,1367422853,u0,192,2013-05-01 15:37:41
1367427404,1367427484,u0,80,2013-05-01 16:56:44
1367430592,1367434123,u0,3531,2013-05-01 17:49:52
1367435074,1367435681,u0,607,2013-05-01 19:04:34
1367437876,1367438056,u0,180,2013-05-01 19:51:16
1367439251,1367439311,u0,60,2013-05-01 20:14:11
1367439551,1367439631,u0,80,2013-05-01 20:19:11
1367439672,1367439924,u0,252,2013-05-01 20:21:12
1367440385,1367440486,u0,101,2013-05-01 20:33:05
1367440757,1367440878,u0,121,2013-05-01 20:39:17
1367441119,1367441240,u0,121,2013-05-01 20:45:19
1367441952,1367442173,u0,221,2013-05-01 20:59:12
1367442434,1367442777,u0,343,2013-05-01 21:07:14
1367442797,1367442959,u0,162,2013-05-01 21:13:17
1367443930,1367444414,u0,484,2013-05-01 21:32:10
1367444656,1367445059,u0,403,2013-05-01 21:44:16
1367445320,1367449465,u0,4145,2013-05-01 21:55:20
1367449686,1367450493,u0,807,2013-05-01 23:08:06
1367450694,1367451218,u0,524,2013-05-01 23:24:54
1367451438,1367452013,u0,575,2013-05-01 23:37:18
1367452284,1367452950,u0,666,2013-05-01 23:51:24
1367453641,1367454216,u0,575,2013-05-02 00:14:01
1367486204,1367487011,u0,807,2013-05-02 09:16:44
1367487472,1367487875,u0,403,2013-05-02 09:37:52
1367488621,1367488823,u0,202,2013-05-02 09:57:01
1367492558,1367492669,u0,111,2013-05-02 11:02:38
1367492919,1367493054,u0,135,2013-05-02 11:08:39
1367493525,1367493797,u0,272,2013-05-02 11:18:45
1367494529,1367495326,u0,797,2013-05-02 11:35:29
1367495546,1367499762,u0,4216,2013-05-02 11:52:26
1367508757,1367508958,u0,201,2013-05-02 15:32:37
1367513912,1367514486,u0,574,2013-05-02 16:58:32
1367537575,1367537766,u0,191,2013-05-02 23:32:55
1367538007,1367538632,u0,625,2013-05-02 23:40:07
1367561922,1367562104,u0,182,2013-05-03 06:18:42
1367575809,1367575880,u0,71,2013-05-03 10:10:09
1367576080,1367576353,u0,273,2013-05-03 10:14:40
1367576573,1367576684,u0,111,2013-05-03 10:22:53
1367576955,1367577368,u0,413,2013-05-03 10:29:15
1367577609,1367578023,u0,414,2013-05-03 10:40:09
1367578243,1367578314,u0,71,2013-05-03 10:50:43
1367578825,1367579642,u0,817,2013-05-03 11:00:25
1367579873,1367579964,u0,91,2013-05-03 11:17:53
1367580685,1367582251,u0,1566,2013-05-03 11:31:25
1367582723,1367584892,u0,2169,2013-05-03 12:05:23
1367585103,1367588512,u0,3409,2013-05-03 12:45:03
1367590460,1367590803,u0,343,2013-05-03 14:14:20
1367591314,1367591950,u0,636,2013-05-03 14:28:34
1367594366,1367594920,u0,554,2013-05-03 15:19:26
1367595412,1367595674,u0,262,2013-05-03 15:36:52
1367595714,1367596188,u0,474,2013-05-03 15:41:54
1367596429,1367596947,u0,518,2013-05-03 15:53:49
1367597178,1367597278,u0,100,2013-05-03 16:06:18
1367597489,1367598651,u0,1162,2013-05-03 16:11:29
1367599342,1367600008,u0,666,2013-05-03 16:42:22
1367602404,1367604149,u0,1745,2013-05-03 17:33:24
1367606555,1367606697,u0,142,2013-05-03 18:42:35
1367607419,1367607560,u0,141,2013-05-03 18:56:59
1367607831,1367607942,u0,111,2013-05-03 19:03:51
1367608172,1367608243,u0,71,2013-05-03 19:09:32
1367608965,1367609227,u0,262,2013-05-03 19:22:45
1367609698,1367611534,u0,1836,2013-05-03 19:34:58
1367611544,1367612170,u0,626,2013-05-03 20:05:44
1367612390,1367613430,u0,1040,2013-05-03 20:19:50
1367614121,1367614333,u0,212,2013-05-03 20:48:41
1367614804,1367615026,u0,222,2013-05-03 21:00:04
1367615287,1367615891,u0,604,2013-05-03 21:08:07
1367616122,1367616404,u0,282,2013-05-03 21:22:02
1367616655,1367616987,u0,332,2013-05-03 21:30:55
1367617248,1367617541,u0,293,2013-05-03 21:40:48
1367617812,1367618205,u0,393,2013-05-03 21:50:12
1367618446,1367618960,u0,514,2013-05-03 22:00:46
1367619170,1367619332,u0,162,2013-05-03 22:12:50
1367619352,1367619422,u0,70,2013-05-03 22:15:52
1367619643,1367620087,u0,444,2013-05-03 22:20:43
1367620307,1367620822,u0,515,2013-05-03 22:31:47
1367621022,1367621547,u0,525,2013-05-03 22:43:42
1367621808,1367622231,u0,423,2013-05-03 22:56:48
1367622482,1367622684,u0,202,2013-05-03 23:08:02
1367622914,1367623106,u0,192,2013-05-03 23:15:14
1367623327,1367623538,u0,211,2013-05-03 23:22:07
1367623809,1367624021,u0,212,2013-05-03 23:30:09
1367624292,1367624524,u0,232,2013-05-03 23:38:12
1367624765,1367624856,u0,91,2013-05-03 23:46:05
1367626089,1367626311,u0,222,2013-05-04 00:08:09
1367626582,1367626824,u0,242,2013-05-04 00:16:22
1367627054,1367627246,u0,192,2013-05-04 00:24:14
1367627466,1367627678,u0,212,2013-05-04 00:31:06
1367627959,1367628191,u0,232,2013-05-04 00:39:19
1367628432,1367628623,u0,191,2013-05-04 00:47:12
1367628854,1367629076,u0,222,2013-05-04 00:54:14
1367632464,1367632646,u0,182,2013-05-04 01:54:24
1367632876,1367633088,u0,212,2013-05-04 02:01:16
1367633359,1367633500,u0,141,2013-05-04 02:09:19
1367635646,1367635848,u0,202,2013-05-04 02:47:26
1367636119,1367636371,u0,252,2013-05-04 02:55:19
1367636602,1367636722,u0,120,2013-05-04 03:03:22
1367640813,1367640873,u0,60,2013-05-04 04:13:33
1367641585,1367641736,u0,151,2013-05-04 04:26:25
1367642017,1367642179,u0,162,2013-05-04 04:33:37
1367642430,1367642550,u0,120,2013-05-04 04:40:30
1367643073,1367643527,u0,454,2013-05-04 04:51:13
1367643788,1367643879,u0,91,2013-05-04 05:03:08
1367644330,1367644541,u0,211,2013-05-04 05:12:10
1367644982,1367645305,u0,323,2013-05-04 05:23:02
1367645536,1367646292,u0,756,2013-05-04 05:32:16
1367646333,1367646434,u0,101,2013-05-04 05:45:33
1367646685,1367646785,u0,100,2013-05-04 05:51:25
1367647036,1367647984,u0,948,2013-05-04 05:57:16
1367648225,1367649339,u0,1114,2013-05-04 06:17:05
1367649550,1367650063,u0,513,2013-05-04 06:39:10
1367650314,1367651747,u0,1433,2013-05-04 06:51:54
1367652018,1367652511,u0,493,2013-05-04 07:20:18
1367652732,1367653044,u0,312,2013-05-04 07:32:12
1367653275,1367653760,u0,485,2013-05-04 07:41:15
1367654251,1367654574,u0,323,2013-05-04 07:57:31
1367655316,1367655386,u0,70,2013-05-04 08:15:16
1367656841,1367657517,u0,676,2013-05-04 08:40:41
1367659191,1367659271,u0,80,2013-05-04 09:19:51
1367659302,1367659413,u0,111,2013-05-04 09:21:42
1367660385,1367660870,u0,485,2013-05-04 09:39:45
1367692677,1367703480,u0,10803,2013-05-04 18:37:57
1367703510,1367703581,u0,71,2013-05-04 21:38:30
1367704032,1367704445,u0,413,2013-05-04 21:47:12
1367705156,1367706829,u0,1673,2013-05-04 22:05:56
1367706870,1367706961,u0,91,2013-05-04 22:34:30
1367706971,1367707142,u0,171,2013-05-04 22:36:11
1367707394,1367708200,u0,806,2013-05-04 22:43:14
1367728283,1367728404,u0,121,2013-05-05 04:31:23
1367732334,1367732445,u0,111,2013-05-05 05:38:54
1367733407,1367733591,u0,184,2013-05-05 05:56:47
1367734784,1367734925,u0,141,2013-05-05 06:19:44
1367735386,1367736223,u0,837,2013-05-05 06:29:46
1367737176,1367737378,u0,202,2013-05-05 06:59:36
1367737849,1367737970,u0,121,2013-05-05 07:10:49
1367738210,1367739290,u0,1080,2013-05-05 07:16:50
1367739791,1367740043,u0,252,2013-05-05 07:43:11
1367740494,1367740706,u0,212,2013-05-05 07:54:54
1367740937,1367741347,u0,410,2013-05-05 08:02:17
1367741568,1367742119,u0,551,2013-05-05 08:12:48
1367742349,1367742854,u0,505,2013-05-05 08:25:49
1367743074,1367743145,u0,71,2013-05-05 08:37:54
1367746016,1367746107,u0,91,2013-05-05 09:26:56
1367747060,1367747504,u0,444,2013-05-05 09:44:20
1367747775,1367747906,u0,131,2013-05-05 09:56:15
1367750031,1367750465,u0,434,2013-05-05 10:33:51
1367750485,1367750615,u0,130,2013-05-05 10:41:25
1367751086,1367751640,u0,554,2013-05-05 10:51:26
1367751681,1367751721,u0,40,2013-05-05 11:01:21
1367751742,1367752036,u0,294,2013-05-05 11:02:22
1367752518,1367752588,u0,70,2013-05-05 11:15:18
1367753541,1367753611,u0,70,2013-05-05 11:32:21
1367754323,1367754858,u0,535,2013-05-05 11:45:23
1367755810,1367756022,u0,212,2013-05-05 12:10:10
1367756723,1367756995,u0,272,2013-05-05 12:25:23
1367757717,1367759422,u0,1705,2013-05-05 12:41:57
1367760625,1367760685,u0,60,2013-05-05 13:30:25
1367761417,1367761590,u0,173,2013-05-05 13:43:37
1367761821,1367762366,u0,545,2013-05-05 13:50:21
1367762847,1367762948,u0,101,2013-05-05 14:07:27
1367763440,1367764096,u0,656,2013-05-05 14:17:20
1367765319,1367765816,u0,497,2013-05-05 14:48:39
1367768001,1367768971,u0,970,2013-05-05 15:33:21
1367769212,1367769383,u0,171,2013-05-05 15:53:32
1367769613,1367769795,u0,182,2013-05-05 16:00:13
1367770036,1367771014,u0,978,2013-05-05 16:07:16
1367771245,1367771436,u0,191,2013-05-05 16:27:25
1367771677,1367771757,u0,80,2013-05-05 16:34:37
1367772459,1367772721,u0,262,2013-05-05 16:47:39
1367777425,1367777708,u0,283,2013-05-05 18:10:25
1367778880,1367786161,u0,7281,2013-05-05 18:34:40
1367791038,1367791743,u0,705,2013-05-05 21:57:18
1367791984,1367792841,u0,857,2013-05-05 22:13:04
1367792851,1367793033,u0,182,2013-05-05 22:27:31
1367793735,1367794168,u0,433,2013-05-05 22:42:15
1367825165,1367825437,u0,272,2013-05-06 07:26:05
1367825658,1367825809,u0,151,2013-05-06 07:34:18
1367827461,1367828136,u0,675,2013-05-06 08:04:21
1367828377,1367828589,u0,212,2013-05-06 08:19:37
1367830753,1367830885,u0,132,2013-05-06 08:59:13
1367831607,1367832637,u0,1030,2013-05-06 09:13:27
1367832857,1367833846,u0,989,2013-05-06 09:34:17
1367834548,1367835586,u0,1038,2013-05-06 10:02:28
1367835817,1367836432,u0,615,2013-05-06 10:23:37
1367837355,1367837627,u0,272,2013-05-06 10:49:15
1367838078,1367838390,u0,312,2013-05-06 11:01:18
1367838621,1367838741,u0,120,2013-05-06 11:10:21
1367838982,1367839809,u0,827,2013-05-06 11:16:22
1367840571,1367840762,u0,191,2013-05-06 11:42:51
1367841202,1367841355,u0,153,2013-05-06 11:53:22
1367841574,1367841645,u0,71,2013-05-06 11:59:34
1367842598,1367843051,u0,453,2013-05-06 12:16:38
1367843302,1367844068,u0,766,2013-05-06 12:28:22
1367844269,1367844521,u0,252,2013-05-06 12:44:29
1367844751,1367844892,u0,141,2013-05-06 12:52:31
1367845103,1367845173,u0,70,2013-05-06 12:58:23
1367845414,1367845615,u0,201,2013-05-06 13:03:34
1367845856,1367846411,u0,555,2013-05-06 13:10:56
1367846852,1367847053,u0,201,2013-05-06 13:27:32
1367847274,1367848444,u0,1170,2013-05-06 13:34:34
1367848644,1367849007,u0,363,2013-05-06 13:57:24
1367849028,1367849471,u0,443,2013-05-06 14:03:48
1367849671,1367849782,u0,111,2013-05-06 14:14:31
1367849803,1367850196,u0,393,2013-05-06 14:16:43
1367850717,1367850798,u0,81,2013-05-06 14:31:57
1367851058,1367852016,u0,958,2013-05-06 14:37:38
1367852037,1367852461,u0,424,2013-05-06 14:53:57
1367852670,1367853084,u0,414,2013-05-06 15:04:30
1367853606,1367854373,u0,767,2013-05-06 15:20:06
1367855094,1367855730,u0,636,2013-05-06 15:44:54
1367855981,1367856606,u0,625,2013-05-06 15:59:41
1367856826,1367857573,u0,747,2013-05-06 16:13:46
1367858044,1367859405,u0,1361,2013-05-06 16:34:04
1367859876,1367860188,u0,312,2013-05-06 17:04:36
1367860419,1367860792,u0,373,2013-05-06 17:13:39
1367861534,1367861665,u0,131,2013-05-06 17:32:14
1367863139,1367863391,u0,252,2013-05-06 17:58:59
1367863632,1367863924,u0,292,2013-05-06 18:07:12
1367864175,1367864578,u0,403,2013-05-06 18:16:15
1367864809,1367865132,u0,323,2013-05-06 18:26:49
1367865362,1367865816,u0,454,2013-05-06 18:36:02
1367866325,1367866829,u0,504,2013-05-06 18:52:05
1367867341,1367867522,u0,181,2013-05-06 19:09:01
1367867763,1367867884,u0,121,2013-05-06 19:16:03
1367868376,1367868467,u0,91,2013-05-06 19:26:16
1367868978,1367869048,u0,70,2013-05-06 19:36:18
1367869279,1367869390,u0,111,2013-05-06 19:41:19
1367869600,1367870074,u0,474,2013-05-06 19:46:40
1367870586,1367870687,u0,101,2013-05-06 20:03:06
1367871188,1367871299,u0,111,2013-05-06 20:13:08
1367871319,1367871935,u0,616,2013-05-06 20:15:19
1367871965,1367872792,u0,827,2013-05-06 20:26:05
1367873033,1367873315,u0,282,2013-05-06 20:43:53
1367873505,1367873767,u0,262,2013-05-06 20:51:45
1367874249,1367877911,u0,3662,2013-05-06 21:04:09
1367878372,1367878654,u0,282,2013-05-06 22:12:52
1367879125,1367879196,u0,71,2013-05-06 22:25:25
1367879636,1367880070,u0,434,2013-05-06 22:33:56
1367881023,1367881094,u0,71,2013-05-06 22:57:03
1367882046,1367882651,u0,605,2013-05-06 23:14:06
1367889157,1367889601,u0,444,2013-05-07 01:12:37
1367905721,1367905822,u0,101,2013-05-07 05:48:41
1367906344,1367906435,u0,91,2013-05-07 05:59:04
1367907657,1367907849,u0,192,2013-05-07 06:20:57
1367908059,1367909219,u0,1160,2013-05-07 06:27:39
1367909440,1367911730,u0,2290,2013-05-07 06:50:40
1367911951,1367916410,u0,4459,2013-05-07 07:32:31
1367918493,1367920611,u0,2118,2013-05-07 09:21:33
1367920832,1367921306,u0,474,2013-05-07 10:00:32
1367921556,1367923373,u0,1817,2013-05-07 10:12:36
1367923855,1367924076,u0,221,2013-05-07 10:50:55
1367924086,1367924258,u0,172,2013-05-07 10:54:46
1367924268,1367924893,u0,625,2013-05-07 10:57:48
1367925083,1367927615,u0,2532,2013-05-07 11:11:23
1367927855,1367928965,u0,1110,2013-05-07 11:57:35
1367929185,1367931415,u0,2230,2013-05-07 12:19:45
1367931646,1367935337,u0,3691,2013-05-07 13:00:46
1367935537,1367936516,u0,979,2013-05-07 14:05:37
1367936746,1367937160,u0,414,2013-05-07 14:25:46
1367937651,1367938902,u0,1251,2013-05-07 14:40:51
1367938933,1367939013,u0,80,2013-05-07 15:02:13
1367939264,1367939950,u0,686,2013-05-07 15:07:44
1367940160,1367940352,u0,192,2013-05-07 15:22:40
1367940593,1367940744,u0,151,2013-05-07 15:29:53
1367941215,1367942961,u0,1746,2013-05-07 15:40:15
1367943171,1367943888,u0,717,2013-05-07 16:12:51
1367944138,1367946004,u0,1866,2013-05-07 16:28:58
1367946225,1367948020,u0,1795,2013-05-07 17:03:45
1367948270,1367951187,u0,2917,2013-05-07 17:37:50
1367951391,1367953187,u0,1796,2013-05-07 18:29:51
1367953436,1367958157,u0,4721,2013-05-07 19:03:56
1367958418,1367958822,u0,404,2013-05-07 20:26:58
1367958842,1367958892,u0,50,2013-05-07 20:34:02
1367959614,1367962267,u0,2653,2013-05-07 20:46:54
1367962968,1367965177,u0,2209,2013-05-07 21:42:48
1367965618,1367965800,u0,182,2013-05-07 22:26:58
1367966030,1367967482,u0,1452,2013-05-07 22:33:50
1367967493,1367967815,u0,322,2013-05-07 22:58:13
1367968015,1367968096,u0,81,2013-05-07 23:06:55
1367991887,1367992250,u0,363,2013-05-08 05:44:47
1367992731,1367994577,u0,1846,2013-05-08 05:58:51
1367994808,1367995463,u0,655,2013-05-08 06:33:28
1367995473,1367995705,u0,232,2013-05-08 06:44:33
1367995725,1367996623,u0,898,2013-05-08 06:48:45
1367997344,1367998283,u0,939,2013-05-08 07:15:44
1367998483,1367998987,u0,504,2013-05-08 07:34:43
1367999930,1368001897,u0,1967,2013-05-08 07:58:50
1368003602,1368004600,u0,998,2013-05-08 09:00:02
1368004630,1368004691,u0,61,2013-05-08 09:17:10
1368004911,1368005123,u0,212,2013-05-08 09:21:51
1368018038,1368018331,u0,293,2013-05-08 13:00:38
1368018361,1368018784,u0,423,2013-05-08 13:06:01
1368019015,1368019308,u0,293,2013-05-08 13:16:55
1368021955,1368022146,u0,191,2013-05-08 14:05:55
1368022356,1368022669,u0,313,2013-05-08 14:12:36
1368022909,1368023292,u0,383,2013-05-08 14:21:49
1368023533,1368023654,u0,121,2013-05-08 14:32:13
1368023895,1368023995,u0,100,2013-05-08 14:38:15
1368023995,1368024167,u0,172,2013-05-08 14:39:55
1368024418,1368024518,u0,100,2013-05-08 14:46:58
1368024518,1368024760,u0,242,2013-05-08 14:48:38
1368025252,1368027500,u0,2248,2013-05-08 15:00:52
1368027951,1368028032,u0,81,2013-05-08 15:45:51
1368028242,1368028444,u0,202,2013-05-08 15:50:42
1368028915,1368029006,u0,91,2013-05-08 16:01:55
1368029457,1368029567,u0,110,2013-05-08 16:10:57
1368030320,1368030572,u0,252,2013-05-08 16:25:20
1368031274,1368031365,u0,91,2013-05-08 16:41:14
1368031876,1368031987,u0,111,2013-05-08 16:51:16
1368032218,1368032661,u0,443,2013-05-08 16:56:58
1368033143,1368033233,u0,90,2013-05-08 17:12:23
1368033504,1368033765,u0,261,2013-05-08 17:18:24
1368034497,1368034567,u0,70,2013-05-08 17:34:57
1368056690,1368056899,u0,209,2013-05-08 23:44:50
1368057163,1368057284,u0,121,2013-05-08 23:52:43
1368057745,1368057937,u0,192,2013-05-09 00:02:25
1368057957,1368058148,u0,191,2013-05-09 00:05:57
1368058399,1368058490,u0,91,2013-05-09 00:13:19
1368058710,1368058811,u0,101,2013-05-09 00:18:30
1368059563,1368059674,u0,111,2013-05-09 00:32:43
1368060416,1368060829,u0,413,2013-05-09 00:46:56
1368061080,1368061201,u0,121,2013-05-09 00:58:00
1368061912,1368061963,u0,51,2013-05-09 01:11:52
1368063416,1368063467,u0,51,2013-05-09 01:36:56
1368063708,1368064232,u0,524,2013-05-09 01:41:48
1368065195,1368065850,u0,655,2013-05-09 02:06:35
1368066362,1368066422,u0,60,2013-05-09 02:26:02
1368066652,1368066753,u0,101,2013-05-09 02:30:52
1368106937,1368107088,u0,151,2013-05-09 13:42:17
1368107329,1368107661,u0,332,2013-05-09 13:48:49
1368108368,1368108601,u0,233,2013-05-09 14:06:08
1368108862,1368108983,u0,121,2013-05-09 14:14:22
1368109966,1368110097,u0,131,2013-05-09 14:32:46
1368115341,1368115573,u0,232,2013-05-09 16:02:21
1368119180,1368123083,u0,3903,2013-05-09 17:06:20
1368123323,1368123868,u0,545,2013-05-09 18:15:23
1368123888,1368124029,u0,141,2013-05-09 18:24:48
1368124470,1368124732,u0,262,2013-05-09 18:34:30
1368125213,1368125818,u0,605,2013-05-09 18:46:53
1368128704,1368128916,u0,212,2013-05-09 19:45:04
1368128916,1368129017,u0,101,2013-05-09 19:48:36
1368129708,1368132219,u0,2511,2013-05-09 20:01:48
1368132449,1368136584,u0,4135,2013-05-09 20:47:29
1368136774,1368138065,u0,1291,2013-05-09 21:59:34
1368138286,1368139627,u0,1341,2013-05-09 22:24:46
1368140579,1368141235,u0,656,2013-05-09 23:02:59
1368141255,1368141658,u0,403,2013-05-09 23:14:15
1368141889,1368141959,u0,70,2013-05-09 23:24:49
1368141969,1368142776,u0,807,2013-05-09 23:26:09
1368143057,1368143887,u0,830,2013-05-09 23:44:17
1368144107,1368144601,u0,494,2013-05-10 00:01:47
1368144852,1368147688,u0,2836,2013-05-10 00:14:12
1368149341,1368149483,u0,142,2013-05-10 01:29:01
1368158839,1368159071,u0,232,2013-05-10 04:07:19
1368182651,1368182731,u0,80,2013-05-10 10:44:11
1368183423,1368183594,u0,171,2013-05-10 10:57:03
1368184096,1368184469,u0,373,2013-05-10 11:08:16
1368184469,1368184519,u0,50,2013-05-10 11:14:29
1368184729,1368186589,u0,1860,2013-05-10 11:18:49
1368187090,1368187241,u0,151,2013-05-10 11:58:10
1368187492,1368187774,u0,282,2013-05-10 12:04:52
1368194472,1368198365,u0,3893,2013-05-10 14:01:12
1368198386,1368199071,u0,685,2013-05-10 15:06:26
1368200073,1368201243,u0,1170,2013-05-10 15:34:33
1368201734,1368202147,u0,413,2013-05-10 16:02:14
1368202408,1368202529,u0,121,2013-05-10 16:13:28
1368205185,1368205316,u0,131,2013-05-10 16:59:45
1368208213,1368212671,u0,4458,2013-05-10 17:50:13
1368212902,1368213083,u0,181,2013-05-10 19:08:22
1368213314,1368213505,u0,191,2013-05-10 19:15:14
1368214709,1368216685,u0,1976,2013-05-10 19:38:29
1368216915,1368217753,u0,838,2013-05-10 20:15:15
1368221402,1368223812,u0,2410,2013-05-10 21:30:02
1368224483,1368224969,u0,486,2013-05-10 22:21:23
1368225209,1368225650,u0,441,2013-05-10 22:33:29
1368225860,1368226203,u0,343,2013-05-10 22:44:20
1368228338,1368228409,u0,71,2013-05-10 23:25:38
1368228640,1368228701,u0,61,2013-05-10 23:30:40
1368230376,1368230517,u0,141,2013-05-10 23:59:36
1368231008,1368231160,u0,152,2013-05-11 00:10:08
1368231400,1368231481,u0,81,2013-05-11 00:16:40
1368231691,1368231802,u0,111,2013-05-11 00:21:31
1368232003,1368232194,u0,191,2013-05-11 00:26:43
1368232926,1368233128,u0,202,2013-05-11 00:42:06
1368235335,1368235455,u0,120,2013-05-11 01:22:15
1368236388,1368236559,u0,171,2013-05-11 01:39:48
1368239458,1368239528,u0,70,2013-05-11 02:30:58
1368240019,1368240060,u0,41,2013-05-11 02:40:19
1368240551,1368240622,u0,71,2013-05-11 02:49:11
1368241323,1368241505,u0,182,2013-05-11 03:02:03
1368242961,1368243345,u0,384,2013-05-11 03:29:21
1368244337,1368244600,u0,263,2013-05-11 03:52:17
1368277279,1368277349,u0,70,2013-05-11 13:01:19
1368278532,1368278712,u0,180,2013-05-11 13:22:12
1368278930,1368279184,u0,254,2013-05-11 13:28:50
1368280627,1368282712,u0,2085,2013-05-11 13:57:07
1368282963,1368283278,u0,315,2013-05-11 14:36:03
1368283288,1368283430,u0,142,2013-05-11 14:41:28
1368283708,1368285503,u0,1795,2013-05-11 14:48:28
1368285724,1368286188,u0,464,2013-05-11 15:22:04
1368288132,1368288324,u0,192,2013-05-11 16:02:12
1368290710,1368291507,u0,797,2013-05-11 16:45:10
1368291758,1368291848,u0,90,2013-05-11 17:02:38
1368292089,1368292159,u0,70,2013-05-11 17:08:09
1368292169,1368293425,u0,1256,2013-05-11 17:09:29
1368293656,1368294025,u0,369,2013-05-11 17:34:16
1368294267,1368294348,u0,81,2013-05-11 17:44:27
1368294546,1368295707,u0,1161,2013-05-11 17:49:06
1368295958,1368296084,u0,126,2013-05-11 18:12:38
1368302783,1368304216,u0,1433,2013-05-11 20:06:23
1368308797,1368310378,u0,1581,2013-05-11 21:46:37
1368310829,1368312553,u0,1724,2013-05-11 22:20:29
1368312754,1368314094,u0,1340,2013-05-11 22:52:34
1368314105,1368314709,u0,604,2013-05-11 23:15:05
1368314909,1368316371,u0,1462,2013-05-11 23:28:29
1368316601,1368317953,u0,1352,2013-05-11 23:56:41
1368318153,1368319777,u0,1624,2013-05-12 00:22:33
1368319787,1368321481,u0,1694,2013-05-12 00:49:47
1368321701,1368321994,u0,293,2013-05-12 01:21:41
1368322241,1368322418,u0,177,2013-05-12 01:30:41
1368322428,1368322993,u0,565,2013-05-12 01:33:48
1368323474,1368323656,u0,182,2013-05-12 01:51:14
1368352016,1368352086,u0,70,2013-05-12 09:46:56
1368361675,1368362391,u0,716,2013-05-12 12:27:55
1368362883,1368364321,u0,1438,2013-05-12 12:48:03
1368364592,1368364885,u0,293,2013-05-12 13:16:32
1368365617,1368367337,u0,1720,2013-05-12 13:33:37
1368367578,1368368405,u0,827,2013-05-12 14:06:18
1368368666,1368369049,u0,383,2013-05-12 14:24:26
1368373329,1368373507,u0,178,2013-05-12 15:42:09
1368374019,1368374452,u0,433,2013-05-12 15:53:39
1368375876,1368376743,u0,867,2013-05-12 16:24:36
1368377024,1368377619,u0,595,2013-05-12 16:43:44
1368378070,1368378836,u0,766,2013-05-12 17:01:10
1368379034,1368379459,u0,425,2013-05-12 17:17:14
1368379700,1368379770,u0,70,2013-05-12 17:28:20
1368379999,1368380526,u0,527,2013-05-12 17:33:19
1368381017,1368381248,u0,231,2013-05-12 17:50:17
1368381740,1368383455,u0,1715,2013-05-12 18:02:20
1368383897,1368385997,u0,2100,2013-05-12 18:38:17
1368386738,1368386950,u0,212,2013-05-12 19:25:38
1368388424,1368388575,u0,151,2013-05-12 19:53:44
1368388585,1368388898,u0,313,2013-05-12 19:56:25
1368389630,1368389771,u0,141,2013-05-12 20:13:50
1368391194,1368391508,u0,314,2013-05-12 20:39:54
1368391728,1368392041,u0,313,2013-05-12 20:48:48
1368394680,1368394771,u0,91,2013-05-12 21:38:00
1368394771,1368394892,u0,121,2013-05-12 21:39:31
1368395163,1368395314,u0,151,2013-05-12 21:46:03
1368396044,1368403931,u0,7887,2013-05-12 22:00:44
1368442625,1368442766,u0,141,2013-05-13 10:57:05
1368442997,1368443108,u0,111,2013-05-13 11:03:17
1368443348,1368443570,u0,222,2013-05-13 11:09:08
1368443590,1368444664,u0,1074,2013-05-13 11:13:10
1368445410,1368445690,u0,280,2013-05-13 11:43:30
1368447365,1368448020,u0,655,2013-05-13 12:16:05
1368448522,1368449611,u0,1089,2013-05-13 12:35:22
1368451533,1368452067,u0,534,2013-05-13 13:25:33
1368452288,1368452590,u0,302,2013-05-13 13:38:08
1368452841,1368452912,u0,71,2013-05-13 13:47:21
1368453142,1368454925,u0,1783,2013-05-13 13:52:22
1368454956,1368456401,u0,1445,2013-05-13 14:22:36
1368456611,1368456944,u0,333,2013-05-13 14:50:11
1368467260,1368471293,u0,4033,2013-05-13 17:47:40
1368471744,1368472258,u0,514,2013-05-13 19:02:24
1368472719,1368472800,u0,81,2013-05-13 19:18:39
1368473010,1368475017,u0,2007,2013-05-13 19:23:30
1368475217,1368479089,u0,3872,2013-05-13 20:00:17
1368479551,1368481013,u0,1462,2013-05-13 21:12:31
1368481463,1368482825,u0,1362,2013-05-13 21:44:23
1368485192,1368487227,u0,2035,2013-05-13 22:46:32
1368487468,1368487905,u0,437,2013-05-13 23:24:28
1368488136,1368490315,u0,2179,2013-05-13 23:35:36
1368490556,1368490616,u0,60,2013-05-14 00:15:56
1368491809,1368492132,u0,323,2013-05-14 00:36:49
1368493327,1368493657,u0,330,2013-05-14 01:02:07
1368529745,1368530723,u0,978,2013-05-14 11:09:05
1368531649,1368533535,u0,1886,2013-05-14 11:40:49
1368533745,1368534542,u0,797,2013-05-14 12:15:45
1368534783,1368535267,u0,484,2013-05-14 12:33:03
1368535507,1368536770,u0,1263,2013-05-14 12:45:07
1368536996,1368537187,u0,191,2013-05-14 13:09:56
1368540295,1368540365,u0,70,2013-05-14 14:04:55
1368543983,1368544064,u0,81,2013-05-14 15:06:23
1368544274,1368544385,u0,111,2013-05-14 15:11:14
1368556397,1368556558,u0,161,2013-05-14 18:33:17
1368557014,1368558200,u0,1186,2013-05-14 18:43:34
1368558451,1368559218,u0,767,2013-05-14 19:07:31
1368559489,1368559851,u0,362,2013-05-14 19:24:49
1368560554,1368561320,u0,766,2013-05-14 19:42:34
1368561361,1368562126,u0,765,2013-05-14 19:56:01
1368562357,1368562740,u0,383,2013-05-14 20:12:37
1368563682,1368563763,u0,81,2013-05-14 20:34:42
1368564224,1368564415,u0,191,2013-05-14 20:43:44
1368564426,1368565010,u0,584,2013-05-14 20:47:06
1368565493,1368565707,u0,214,2013-05-14 21:04:53
1368571265,1368571709,u0,444,2013-05-14 22:41:05
1368571919,1368572161,u0,242,2013-05-14 22:51:59
1368572181,1368572625,u0,444,2013-05-14 22:56:21
1368573096,1368573217,u0,121,2013-05-14 23:11:36
1368573247,1368573509,u0,262,2013-05-14 23:14:07
1368573940,1368574303,u0,363,2013-05-14 23:25:40
1368575045,1368575176,u0,131,2013-05-14 23:44:05
1368575397,1368575628,u0,231,2013-05-14 23:49:57
1368575659,1368575770,u0,111,2013-05-14 23:54:19
1368576010,1368576081,u0,71,2013-05-15 00:00:10
1368576793,1368577308,u0,515,2013-05-15 00:13:13
1368578060,1368578114,u0,54,2013-05-15 00:34:20
1368578335,1368578405,u0,70,2013-05-15 00:38:55
1368580100,1368580473,u0,373,2013-05-15 01:08:20
1368582388,1368582529,u0,141,2013-05-15 01:46:28
1368583291,1368583352,u0,61,2013-05-15 02:01:31
1368615550,1368615641,u0,91,2013-05-15 10:59:10
1368615861,1368616305,u0,444,2013-05-15 11:04:21
1368616525,1368616696,u0,171,2013-05-15 11:15:25
1368616697,1368616878,u0,181,2013-05-15 11:18:17
1368617109,1368618455,u0,1346,2013-05-15 11:25:09
1368619147,1368619268,u0,121,2013-05-15 11:59:07
1368619749,1368621947,u0,2198,2013-05-15 12:09:09
1368622148,1368622612,u0,464,2013-05-15 12:49:08
1368625218,1368626791,u0,1573,2013-05-15 13:40:18
1368627022,1368628413,u0,1391,2013-05-15 14:10:22
1368628654,1368629027,u0,373,2013-05-15 14:37:34
1368629248,1368629545,u0,297,2013-05-15 14:47:28
1368629576,1368632475,u0,2899,2013-05-15 14:52:56
1368632685,1368633341,u0,656,2013-05-15 15:44:45
1368633571,1368633713,u0,142,2013-05-15 15:59:31
1368633963,1368634115,u0,152,2013-05-15 16:06:03
1368634125,1368634216,u0,91,2013-05-15 16:08:45
1368634436,1368634678,u0,242,2013-05-15 16:13:56
1368634888,1368635150,u0,262,2013-05-15 16:21:28
1368635371,1368636006,u0,635,2013-05-15 16:29:31
1368636227,1368638022,u0,1795,2013-05-15 16:43:47
1368638252,1368639210,u0,958,2013-05-15 17:17:32
1368639210,1368639301,u0,91,2013-05-15 17:33:30
1368639522,1368641801,u0,2279,2013-05-15 17:38:42
1368642041,1368642162,u0,121,2013-05-15 18:20:41
1368642172,1368642283,u0,111,2013-05-15 18:22:52
1368642754,1368643621,u0,867,2013-05-15 18:32:34
1368645055,1368645136,u0,81,2013-05-15 19:10:55
1368645346,1368645528,u0,182,2013-05-15 19:15:46
1368645798,1368645909,u0,111,2013-05-15 19:23:18
1368646370,1368646925,u0,555,2013-05-15 19:32:50
1368647146,1368647589,u0,443,2013-05-15 19:45:46
1368647799,1368648182,u0,383,2013-05-15 19:56:39
1368648433,1368648564,u0,131,2013-05-15 20:07:13
1368648795,1368648895,u0,100,2013-05-15 20:13:15
1368649126,1368650609,u0,1483,2013-05-15 20:18:46
1368650809,1368651747,u0,938,2013-05-15 20:46:49
1368651947,1368652179,u0,232,2013-05-15 21:05:47
1368652430,1368657685,u0,5255,2013-05-15 21:13:50
1368660089,1368660169,u0,80,2013-05-15 23:21:29
1368660901,1368662137,u0,1236,2013-05-15 23:35:01
1368662368,1368667634,u0,5266,2013-05-15 23:59:28
1368667864,1368667945,u0,81,2013-05-16 01:31:04
1368668877,1368669089,u0,212,2013-05-16 01:47:57
1368669570,1368669641,u0,71,2013-05-16 01:59:30
1368670112,1368670223,u0,111,2013-05-16 02:08:32
1368702681,1368702863,u0,182,2013-05-16 11:11:21
1368703314,1368703384,u0,70,2013-05-16 11:21:54
1368703394,1368711828,u0,8434,2013-05-16 11:23:14
1368711859,1368715611,u0,3752,2013-05-16 13:44:19
1368727813,1368728509,u0,696,2013-05-16 18:10:13
1368728939,1368729464,u0,525,2013-05-16 18:28:59
1368729685,1368730664,u0,979,2013-05-16 18:41:25
1368731605,1368731706,u0,101,2013-05-16 19:13:25
1368732919,1368733957,u0,1038,2013-05-16 19:35:19
1368734418,1368736093,u0,1675,2013-05-16 20:00:18
1368736363,1368737300,u0,937,2013-05-16 20:32:43
1368738022,1368738143,u0,121,2013-05-16 21:00:22
1368738373,1368742296,u0,3923,2013-05-16 21:06:13
1368742519,1368743992,u0,1473,2013-05-16 22:15:19
1368744681,1368745285,u0,604,2013-05-16 22:51:21
1368745536,1368748663,u0,3127,2013-05-16 23:05:36
1368748884,1368753233,u0,4349,2013-05-17 00:01:24
1368753684,1368754300,u0,616,2013-05-17 01:21:24
1368754530,1368754893,u0,363,2013-05-17 01:35:30
1368756347,1368756428,u0,81,2013-05-17 02:05:47
1368788129,1368788442,u0,313,2013-05-17 10:55:29
1368788913,1368789034,u0,121,2013-05-17 11:08:33
1368789264,1368789416,u0,152,2013-05-17 11:14:24
1368789636,1368789827,u0,191,2013-05-17 11:20:36
1368791979,1368800715,u0,8736,2013-05-17 11:59:39
1368800926,1368802206,u0,1280,2013-05-17 14:28:46
1368802427,1368804928,u0,2501,2013-05-17 14:53:47
1368805128,1368808513,u0,3385,2013-05-17 15:38:48
1368808743,1368810860,u0,2117,2013-05-17 16:39:03
1368819785,1368825310,u0,5525,2013-05-17 19:43:05
1368825791,1368826074,u0,283,2013-05-17 21:23:11
1368826264,1368827021,u0,757,2013-05-17 21:31:04
1368827231,1368829772,u0,2541,2013-05-17 21:47:11
1368830243,1368830939,u0,696,2013-05-17 22:37:23
1368831390,1368831800,u0,410,2013-05-17 22:56:30
1368833713,1368834388,u0,675,2013-05-17 23:35:13
1368835832,1368836064,u0,232,2013-05-18 00:10:32
1368838500,1368839176,u0,676,2013-05-18 00:55:00
1368839677,1368840666,u0,989,2013-05-18 01:14:37
1368841117,1368841439,u0,322,2013-05-18 01:38:37
1368841920,1368842142,u0,222,2013-05-18 01:52:00
1368842403,1368842514,u0,111,2013-05-18 02:00:03
1368979149,1368979222,u0,73,2013-05-19 15:59:09
1368979682,1368980237,u0,555,2013-05-19 16:08:02
1368980257,1368981377,u0,1120,2013-05-19 16:17:37
1368981618,1368981789,u0,171,2013-05-19 16:40:18
1368982050,1368982383,u0,333,2013-05-19 16:47:30
1368982393,1368982524,u0,131,2013-05-19 16:53:13
1368982534,1368982887,u0,353,2013-05-19 16:55:34
1368983348,1368983943,u0,595,2013-05-19 17:09:08
1368984424,1368985040,u0,616,2013-05-19 17:27:04
1368985050,1368985574,u0,524,2013-05-19 17:37:30
1368985605,1368986875,u0,1270,2013-05-19 17:46:45
1368988991,1368989112,u0,121,2013-05-19 18:43:11
1368989833,1368989894,u0,61,2013-05-19 18:57:13
1368990385,1368990503,u0,118,2013-05-19 19:06:25
1368994357,1368994428,u0,71,2013-05-19 20:12:37
1368995852,1368995942,u0,90,2013-05-19 20:37:32
1368996142,1368996324,u0,182,2013-05-19 20:42:22
1368998504,1368998585,u0,81,2013-05-19 21:21:44
1368998805,1368998906,u0,101,2013-05-19 21:26:45
1369003739,1369004071,u0,332,2013-05-19 22:48:59
1369004573,1369004653,u0,80,2013-05-19 23:02:53
1369005335,1369005456,u0,121,2013-05-19 23:15:35
1369005707,1369006009,u0,302,2013-05-19 23:21:47
1369006490,1369006682,u0,192,2013-05-19 23:34:50
1369006904,1369007006,u0,102,2013-05-19 23:41:44
1369007258,1369007853,u0,595,2013-05-19 23:47:38
1369008114,1369008941,u0,827,2013-05-20 00:01:54
1369009673,1369009794,u0,121,2013-05-20 00:27:53
1369014627,1369014789,u0,162,2013-05-20 01:50:27
1369047967,1369048058,u0,91,2013-05-20 11:06:07
1369048329,1369048510,u0,181,2013-05-20 11:12:09
1369048741,1369048922,u0,181,2013-05-20 11:19:01
1369049173,1369049395,u0,222,2013-05-20 11:26:13
1369054697,1369055181,u0,484,2013-05-20 12:58:17
1369056369,1369056610,u0,241,2013-05-20 13:26:09
1369070083,1369070164,u0,81,2013-05-20 17:14:43
1369070374,1369072533,u0,2159,2013-05-20 17:19:34
1369073024,1369073649,u0,625,2013-05-20 18:03:44
1369078493,1369078684,u0,191,2013-05-20 19:34:53
1369262532,1369262834,u0,302,2013-05-22 22:42:12
1369263284,1369263466,u0,182,2013-05-22 22:54:44
1369263707,1369264019,u0,312,2013-05-22 23:01:47
1369264752,1369264842,u0,90,2013-05-22 23:19:12
1369265083,1369265275,u0,192,2013-05-22 23:24:43
1369267440,1369268146,u0,706,2013-05-23 00:04:00
1369268407,1369268517,u0,110,2013-05-23 00:20:07
1369310469,1369310590,u0,121,2013-05-23 12:01:09
1369317228,1369317892,u0,664,2013-05-23 13:53:48
1369318163,1369318294,u0,131,2013-05-23 14:09:23
1369318494,1369319715,u0,1221,2013-05-23 14:14:54
1369320647,1369322314,u0,1667,2013-05-23 14:50:47
1369322524,1369323290,u0,766,2013-05-23 15:22:04
1369323321,1369323583,u0,262,2013-05-23 15:35:21
1369323834,1369324339,u0,505,2013-05-23 15:43:54
1369325558,1369329573,u0,4015,2013-05-23 16:12:38
1369329824,1369330954,u0,1130,2013-05-23 17:23:44
1369331194,1369331628,u0,434,2013-05-23 17:46:34
1369333539,1369334317,u0,778,2013-05-23 18:25:39
1369334578,1369335083,u0,505,2013-05-23 18:42:58
1369336250,1369336331,u0,81,2013-05-23 19:10:50
1369337293,1369337545,u0,252,2013-05-23 19:28:13
1369338716,1369338978,u0,262,2013-05-23 19:51:56
1369339189,1369340168,u0,979,2013-05-23 19:59:49
1369340869,1369341041,u0,172,2013-05-23 20:27:49
1369341081,1369341283,u0,202,2013-05-23 20:31:21
1369341524,1369342159,u0,635,2013-05-23 20:38:44
1369342377,1369342568,u0,191,2013-05-23 20:52:57
1369343029,1369343343,u0,314,2013-05-23 21:03:49
1369343353,1369343474,u0,121,2013-05-23 21:09:13
1369343685,1369344038,u0,353,2013-05-23 21:14:45
1369345732,1369345802,u0,70,2013-05-23 21:48:52
1369346053,1369346144,u0,91,2013-05-23 21:54:13
1369346394,1369347373,u0,979,2013-05-23 21:59:54
1369347583,1369348017,u0,434,2013-05-23 22:19:43
1369352116,1369352186,u0,70,2013-05-23 23:35:16
1369352417,1369353062,u0,645,2013-05-23 23:40:17
1369353062,1369355282,u0,2220,2013-05-23 23:51:02
1369356275,1369356355,u0,80,2013-05-24 00:44:35
1369356606,1369356808,u0,202,2013-05-24 00:50:06
1369358232,1369359765,u0,1533,2013-05-24 01:17:12
1369360456,1369361051,u0,595,2013-05-24 01:54:16
1369361292,1369361715,u0,423,2013-05-24 02:08:12
1369392757,1369392827,u0,70,2013-05-24 10:52:37
1369393559,1369393620,u0,61,2013-05-24 11:05:59
1369394843,1369395014,u0,171,2013-05-24 11:27:23
1369398133,1369398365,u0,232,2013-05-24 12:22:13
1369398616,1369398787,u0,171,2013-05-24 12:30:16
1369400953,1369401346,u0,393,2013-05-24 13:09:13
1369402279,1369402379,u0,100,2013-05-24 13:31:19
1369403081,1369403141,u0,60,2013-05-24 13:44:41
1369406511,1369407438,u0,927,2013-05-24 14:41:51
1369407469,1369408064,u0,595,2013-05-24 14:57:49
1369408305,1369410302,u0,1997,2013-05-24 15:11:45
1369410502,1369411208,u0,706,2013-05-24 15:48:22
1369412140,1369412321,u0,181,2013-05-24 16:15:40
1369412332,1369412402,u0,70,2013-05-24 16:18:52
1369413114,1369413628,u0,514,2013-05-24 16:31:54
1369413899,1369414081,u0,182,2013-05-24 16:44:59
1369414321,1369414503,u0,182,2013-05-24 16:52:01
1369418168,1369418218,u0,50,2013-05-24 17:56:08
1369418469,1369419216,u0,747,2013-05-24 18:01:09
1369419978,1369420532,u0,554,2013-05-24 18:26:18
1369420542,1369420664,u0,122,2013-05-24 18:35:42
1369420664,1369420865,u0,201,2013-05-24 18:37:44
1369421096,1369422064,u0,968,2013-05-24 18:44:56
1369422545,1369422989,u0,444,2013-05-24 19:09:05
1369423461,1369423612,u0,151,2013-05-24 19:24:21
1369423873,1369424367,u0,494,2013-05-24 19:31:13
1369433179,1369433955,u0,776,2013-05-24 22:06:19
1369434226,1369434276,u0,50,2013-05-24 22:23:46
1369434287,1369434932,u0,645,2013-05-24 22:24:47
1369436145,1369436377,u0,232,2013-05-24 22:55:45
1369436618,1369436769,u0,151,2013-05-24 23:03:38
1369436810,1369436930,u0,120,2013-05-24 23:06:50
1369437632,1369438176,u0,544,2013-05-24 23:20:32
1369438427,1369438548,u0,121,2013-05-24 23:33:47
1369440211,1369440383,u0,172,2013-05-25 00:03:31
1369440413,1369440604,u0,191,2013-05-25 00:06:53
1369441306,1369441871,u0,565,2013-05-25 00:21:46
1369442122,1369442555,u0,433,2013-05-25 00:35:22
1369442796,1369442998,u0,202,2013-05-25 00:46:36
1369444421,1369444693,u0,272,2013-05-25 01:13:41
1369444974,1369445478,u0,504,2013-05-25 01:22:54
1369446722,1369446792,u0,70,2013-05-25 01:52:02
1369447263,1369447374,u0,111,2013-05-25 02:01:03
1369447625,1369447776,u0,151,2013-05-25 02:07:05
1369449240,1369450732,u0,1492,2013-05-25 02:34:00
1369451204,1369451768,u0,564,2013-05-25 03:06:44
1369452009,1369452513,u0,504,2013-05-25 03:20:09
1369452774,1369452895,u0,121,2013-05-25 03:32:54
1369453115,1369453983,u0,868,2013-05-25 03:38:35
1369454213,1369455807,u0,1594,2013-05-25 03:56:53
1369456078,1369456421,u0,343,2013-05-25 04:27:58
1369456441,1369456824,u0,383,2013-05-25 04:34:01
1369457325,1369458617,u0,1292,2013-05-25 04:48:45
1369458837,1369459886,u0,1049,2013-05-25 05:13:57
1369459917,1369460955,u0,1038,2013-05-25 05:31:57
1369484907,1369485957,u0,1050,2013-05-25 12:28:27
1369486919,1369486999,u0,80,2013-05-25 13:01:59
1369487010,1369490509,u0,3499,2013-05-25 13:03:30
1369490729,1369492161,u0,1432,2013-05-25 14:05:29
1369492491,1369492693,u0,202,2013-05-25 14:34:51
1369492913,1369493478,u0,565,2013-05-25 14:41:53
1369493668,1369496008,u0,2340,2013-05-25 14:54:28
1369496259,1369497432,u0,1173,2013-05-25 15:37:39
1369497643,1369498470,u0,827,2013-05-25 16:00:43
1369498510,1369498581,u0,71,2013-05-25 16:15:10
1369499293,1369499414,u0,121,2013-05-25 16:28:13
1369499634,1369499695,u0,61,2013-05-25 16:33:54
1369499925,1369500359,u0,434,2013-05-25 16:38:45
1369500840,1369501465,u0,625,2013-05-25 16:54:00
1369501685,1369501826,u0,141,2013-05-25 17:08:05
1369504499,1369506267,u0,1768,2013-05-25 17:54:59
1369506507,1369507103,u0,596,2013-05-25 18:28:27
1369507815,1369508036,u0,221,2013-05-25 18:50:15
1369508057,1369508167,u0,110,2013-05-25 18:54:17
1369508177,1369508399,u0,222,2013-05-25 18:56:17
1369508440,1369508530,u0,90,2013-05-25 19:00:40
1369509763,1369509793,u0,30,2013-05-25 19:22:43
1369530887,1369531119,u0,232,2013-05-26 01:14:47
1369531400,1369532177,u0,777,2013-05-26 01:23:20
1369532417,1369533345,u0,928,2013-05-26 01:40:17
1369534952,1369537241,u0,2289,2013-05-26 02:22:32
1369537241,1369537291,u0,50,2013-05-26 03:00:41
1369537783,1369538418,u0,635,2013-05-26 03:09:43
1369538618,1369539264,u0,646,2013-05-26 03:23:38
1369579404,1369579787,u0,383,2013-05-26 14:43:24
1369580990,1369581151,u0,161,2013-05-26 15:09:50
1369581362,1369581543,u0,181,2013-05-26 15:16:02
1369593304,1369593667,u0,363,2013-05-26 18:35:04
1369593918,1369594059,u0,141,2013-05-26 18:45:18
1369594290,1369594552,u0,262,2013-05-26 18:51:30
1369594993,1369595336,u0,343,2013-05-26 19:03:13
1369595566,1369595818,u0,252,2013-05-26 19:12:46
1369596090,1369596281,u0,191,2013-05-26 19:21:30
1369597715,1369597866,u0,151,2013-05-26 19:48:35
1369597876,1369597977,u0,101,2013-05-26 19:51:16
1369598650,1369598811,u0,161,2013-05-26 20:04:10
1369599263,1369599406,u0,143,2013-05-26 20:14:23
1369599617,1369599758,u0,141,2013-05-26 20:20:17
1369600230,1369600432,u0,202,2013-05-26 20:30:30
1369601614,1369601776,u0,162,2013-05-26 20:53:34
1369602036,1369602097,u0,61,2013-05-26 21:00:36
1369603551,1369603631,u0,80,2013-05-26 21:25:51
1369604604,1369605239,u0,635,2013-05-26 21:43:24
1369606422,1369606492,u0,70,2013-05-26 22:13:42
1369606973,1369607135,u0,162,2013-05-26 22:22:53
1369607867,1369607958,u0,91,2013-05-26 22:37:47
1369607968,1369609260,u0,1292,2013-05-26 22:39:28
1369610433,1369610534,u0,101,2013-05-26 23:20:33
1369610754,1369611087,u0,333,2013-05-26 23:25:54
1369611127,1369611167,u0,40,2013-05-26 23:32:07
1369611178,1369611551,u0,373,2013-05-26 23:32:58
1369613435,1369614040,u0,605,2013-05-27 00:10:35
1369614531,1369614945,u0,414,2013-05-27 00:28:51
1369615175,1369615770,u0,595,2013-05-27 00:39:35
1369615801,1369616144,u0,343,2013-05-27 00:50:01
1369616405,1369616546,u0,141,2013-05-27 01:00:05
1369617298,1369617903,u0,605,2013-05-27 01:14:58
1369618384,1369618464,u0,80,2013-05-27 01:33:04
1369619145,1369619609,u0,464,2013-05-27 01:45:45
1369619870,1369620233,u0,363,2013-05-27 01:57:50
1369622168,1369622228,u0,60,2013-05-27 02:36:08
1369623892,1369624366,u0,474,2013-05-27 03:04:52
1369624366,1369624850,u0,484,2013-05-27 03:12:46
1369650841,1369651034,u0,193,2013-05-27 10:34:01
1369651746,1369652129,u0,383,2013-05-27 10:49:06
1369652390,1369652864,u0,474,2013-05-27 10:59:50
1369653356,1369653598,u0,242,2013-05-27 11:15:56
1369653828,1369654897,u0,1069,2013-05-27 11:23:48
1369655408,1369655721,u0,313,2013-05-27 11:50:08
1369656183,1369656459,u0,276,2013-05-27 12:03:03
1369656721,1369656942,u0,221,2013-05-27 12:12:01
1369657444,1369657797,u0,353,2013-05-27 12:24:04
1369659221,1369659725,u0,504,2013-05-27 12:53:41
1369659966,1369660208,u0,242,2013-05-27 13:06:06
1369660429,1369660499,u0,70,2013-05-27 13:13:49
1369661211,1369661322,u0,111,2013-05-27 13:26:51
1369662525,1369663604,u0,1079,2013-05-27 13:48:45
1369663845,1369666236,u0,2391,2013-05-27 14:10:45
1369666496,1369669432,u0,2936,2013-05-27 14:54:56
1369669442,1369674122,u0,4680,2013-05-27 15:44:02
1369674383,1369677662,u0,3279,2013-05-27 17:06:23
1369677682,1369678086,u0,404,2013-05-27 18:01:22
1369678817,1369679261,u0,444,2013-05-27 18:20:17
1369679482,1369680309,u0,827,2013-05-27 18:31:22
1369680540,1369684372,u0,3832,2013-05-27 18:49:00
1369684413,1369685774,u0,1361,2013-05-27 19:53:33
1369686005,1369686429,u0,424,2013-05-27 20:20:05
1369686659,1369687840,u0,1181,2013-05-27 20:30:59
1369688040,1369688838,u0,798,2013-05-27 20:54:00
1369694594,1369694816,u0,222,2013-05-27 22:43:14
1369695257,1369696145,u0,888,2013-05-27 22:54:17
1369696186,1369696246,u0,60,2013-05-27 23:09:46
1369696730,1369696800,u0,70,2013-05-27 23:18:50
1369696991,1369697304,u0,313,2013-05-27 23:23:11
1369700663,1369701813,u0,1150,2013-05-28 00:24:23
1369702296,1369702458,u0,162,2013-05-28 00:51:36
1369702719,1369703022,u0,303,2013-05-28 00:58:39
1369704456,1369704758,u0,302,2013-05-28 01:27:36
1369705270,1369705542,u0,272,2013-05-28 01:41:10
1369705783,1369707164,u0,1381,2013-05-28 01:49:43
1369707676,1369707756,u0,80,2013-05-28 02:21:16
1369709713,1369709753,u0,40,2013-05-28 02:55:13
1369740278,1369740349,u0,71,2013-05-28 11:24:38
1369740840,1369742182,u0,1342,2013-05-28 11:34:00
1369747716,1369749300,u0,1584,2013-05-28 13:28:36
1369749761,1369757359,u0,7598,2013-05-28 14:02:41
1369757379,1369758318,u0,939,2013-05-28 16:09:39
1369758819,1369764115,u0,5296,2013-05-28 16:33:39
1369768216,1369768317,u0,101,2013-05-28 19:10:16
1369769520,1369769762,u0,242,2013-05-28 19:32:00
1369770945,1369771106,u0,161,2013-05-28 19:55:45
1369771316,1369771458,u0,142,2013-05-28 20:01:56
1369771678,1369777195,u0,5517,2013-05-28 20:07:58
1369777446,1369777708,u0,262,2013-05-28 21:44:06
1369777928,1369778049,u0,121,2013-05-28 21:52:08
1369781177,1369781336,u0,159,2013-05-28 22:46:17
1369781576,1369782182,u0,606,2013-05-28 22:52:56
1369782192,1369782434,u0,242,2013-05-28 23:03:12
1369783144,1369783255,u0,111,2013-05-28 23:19:04
1369783496,1369783889,u0,393,2013-05-28 23:24:56
1369784120,1369784191,u0,71,2013-05-28 23:35:20
1369784422,1369784775,u0,353,2013-05-28 23:40:22
1369784996,1369788759,u0,3763,2013-05-28 23:49:56
1369789230,1369789331,u0,101,2013-05-29 01:00:30
1369790284,1369790394,u0,110,2013-05-29 01:18:04
1369790906,1369792772,u0,1866,2013-05-29 01:28:26
1369792982,1369793386,u0,404,2013-05-29 02:03:02
1369793596,1369794221,u0,625,2013-05-29 02:13:16
1369794433,1369794607,u0,174,2013-05-29 02:27:13
1369794848,1369795261,u0,413,2013-05-29 02:34:08
1369795542,1369795875,u0,333,2013-05-29 02:45:42
1369796616,1369796707,u0,91,2013-05-29 03:03:36
1369797459,1369797661,u0,202,2013-05-29 03:17:39
1369797922,1369798003,u0,81,2013-05-29 03:25:22
1369800621,1369800873,u0,252,2013-05-29 04:10:21
1369826965,1369827730,u0,765,2013-05-29 11:29:25
1369828001,1369828123,u0,122,2013-05-29 11:46:41
1369828373,1369828444,u0,71,2013-05-29 11:52:53
1369828664,1369829632,u0,968,2013-05-29 11:57:44
1369829843,1369831466,u0,1623,2013-05-29 12:17:23
1369831707,1369832927,u0,1220,2013-05-29 12:48:27
1369833148,1369835004,u0,1856,2013-05-29 13:12:28
1369835035,1369835882,u0,847,2013-05-29 13:43:55
1369842903,1369843769,u0,866,2013-05-29 15:55:03
1369843990,1369844181,u0,191,2013-05-29 16:13:10
1369844642,1369845207,u0,565,2013-05-29 16:24:02
1369845658,1369846222,u0,564,2013-05-29 16:40:58
1369846432,1369850425,u0,3993,2013-05-29 16:53:52
1369850646,1369850837,u0,191,2013-05-29 18:04:06
1369851560,1369851630,u0,70,2013-05-29 18:19:20
1369851841,1369854826,u0,2985,2013-05-29 18:24:01
1369860928,1369861896,u0,968,2013-05-29 20:55:28
1369862106,1369864264,u0,2158,2013-05-29 21:15:06
1369864505,1369866381,u0,1876,2013-05-29 21:55:05
1369866631,1369867226,u0,595,2013-05-29 22:30:31
1369867477,1369867678,u0,201,2013-05-29 22:44:37
1369867909,1369868504,u0,595,2013-05-29 22:51:49
1369868725,1369868977,u0,252,2013-05-29 23:05:25
1369869950,1369871549,u0,1599,2013-05-29 23:25:50
1369871777,1369872240,u0,463,2013-05-29 23:56:17
1369872461,1369873390,u0,929,2013-05-30 00:07:41
1369873630,1369875606,u0,1976,2013-05-30 00:27:10
1369875807,1369877938,u0,2131,2013-05-30 01:03:27
1369927822,1369927882,u0,60,2013-05-30 15:30:22
1369928623,1369928713,u0,90,2013-05-30 15:43:43
1369934971,1369935082,u0,111,2013-05-30 17:29:31
1369937507,1369937981,u0,474,2013-05-30 18:11:47
1369938211,1369939179,u0,968,2013-05-30 18:23:31
1369939650,1369939842,u0,192,2013-05-30 18:47:30
1369940073,1369940627,u0,554,2013-05-30 18:54:33
1369940858,1369943036,u0,2178,2013-05-30 19:07:38
1369943256,1369943549,u0,293,2013-05-30 19:47:36
1369944040,1369946561,u0,2521,2013-05-30 20:00:40
1369946792,1369948002,u0,1210,2013-05-30 20:46:32
1369948233,1369949587,u0,1354,2013-05-30 21:10:33
1369949828,1369949929,u0,101,2013-05-30 21:37:08
1369950430,1369950622,u0,192,2013-05-30 21:47:10
1369951293,1369951374,u0,81,2013-05-30 22:01:33
1369952316,1369952619,u0,303,2013-05-30 22:18:36
1369954316,1369954899,u0,583,2013-05-30 22:51:56
1369954919,1369955505,u0,586,2013-05-30 23:01:59
1369955998,1369956751,u0,753,2013-05-30 23:19:58
1369957022,1369958868,u0,1846,2013-05-30 23:37:02
1369958888,1369959957,u0,1069,2013-05-31 00:08:08
1369960188,1369960369,u0,181,2013-05-31 00:29:48
1369960379,1369961449,u0,1070,2013-05-31 00:32:59
1369961690,1369963294,u0,1604,2013-05-31 00:54:50
1369963525,1369963626,u0,101,2013-05-31 01:25:25
1369964098,1369964320,u0,222,2013-05-31 01:34:58
1369964330,1369965339,u0,1009,2013-05-31 01:38:50
1369966101,1369966494,u0,393,2013-05-31 02:08:21
1369967006,1369967097,u0,91,2013-05-31 02:23:26
1369967347,1369967388,u0,41,2013-05-31 02:29:07
1369967428,1369967489,u0,61,2013-05-31 02:30:28
1369997750,1369997830,u0,80,2013-05-31 10:55:50
1369998762,1369999009,u0,247,2013-05-31 11:12:42
1369999019,1369999100,u0,81,2013-05-31 11:16:59
1370001482,1370001784,u0,302,2013-05-31 11:58:02
1370002276,1370002941,u0,665,2013-05-31 12:11:16
1370005076,1370005872,u0,796,2013-05-31 12:57:56
1370006122,1370006435,u0,313,2013-05-31 13:15:22
1370006635,1370006764,u0,129,2013-05-31 13:23:55
1370011074,1370011205,u0,131,2013-05-31 14:37:54
1370011687,1370011878,u0,191,2013-05-31 14:48:07
1370012119,1370013128,u0,1009,2013-05-31 14:55:19
1370013367,1370017896,u0,4529,2013-05-31 15:16:07
1370018347,1370019910,u0,1563,2013-05-31 16:39:07
1370020154,1370020517,u0,363,2013-05-31 17:09:14
1370020747,1370021786,u0,1039,2013-05-31 17:19:07
1370021996,1370022692,u0,696,2013-05-31 17:39:56
1370022903,1370022983,u0,80,2013-05-31 17:55:03
1370023203,1370025694,u0,2491,2013-05-31 18:00:03
1370025914,1370026489,u0,575,2013-05-31 18:45:14
1370026679,1370027758,u0,1079,2013-05-31 18:57:59
1370027768,1370028343,u0,575,2013-05-31 19:16:08
1370028543,1370029532,u0,989,2013-05-31 19:29:03
1370030484,1370030816,u0,332,2013-05-31 20:01:24
1370031547,1370031820,u0,273,2013-05-31 20:19:07
1370032521,1370032713,u0,192,2013-05-31 20:35:21
1370032943,1370033064,u0,121,2013-05-31 20:42:23
1370033075,1370033559,u0,484,2013-05-31 20:44:35
1370033780,1370034741,u0,961,2013-05-31 20:56:20
1370034751,1370034990,u0,239,2013-05-31 21:12:31
1370035210,1370036508,u0,1298,2013-05-31 21:20:10
1370037443,1370037604,u0,161,2013-05-31 21:57:23
1370037874,1370038710,u0,836,2013-05-31 22:04:34
1370038931,1370044458,u0,5527,2013-05-31 22:22:11
1370044688,1370048026,u0,3338,2013-05-31 23:58:08
1370048237,1370048610,u0,373,2013-06-01 00:57:17
1364358643,1364359056,u1,413,2013-03-27 04:30:43
1364388374,1364391419,u1,3045,2013-03-27 12:46:14
1364391630,1364392296,u1,666,2013-03-27 13:40:30
1364393248,1364393510,u1,262,2013-03-27 14:07:28
1364393720,1364395687,u1,1967,2013-03-27 14:15:20
1364396179,1364396844,u1,665,2013-03-27 14:56:19
1364397346,1364397477,u1,131,2013-03-27 15:15:46
1364398169,1364400993,u1,2824,2013-03-27 15:29:29
1364401224,1364401284,u1,60,2013-03-27 16:20:24
1364401775,1364402694,u1,919,2013-03-27 16:29:35
1364403165,1364403245,u1,80,2013-03-27 16:52:45
1364419325,1364420494,u1,1169,2013-03-27 21:22:05
1364429165,1364431646,u1,2481,2013-03-28 00:06:05
1364431876,1364432259,u1,383,2013-03-28 00:51:16
1364435828,1364438047,u1,2219,2013-03-28 01:57:08
1364438077,1364438208,u1,131,2013-03-28 02:34:37
1364438409,1364439539,u1,1130,2013-03-28 02:40:09
1364439800,1364443047,u1,3247,2013-03-28 03:03:20
1364444029,1364444130,u1,101,2013-03-28 04:13:49
1364444371,1364444441,u1,70,2013-03-28 04:19:31
1364445373,1364445767,u1,394,2013-03-28 04:36:13
1364446939,1364447403,u1,464,2013-03-28 05:02:19
1364449288,1364449611,u1,323,2013-03-28 05:41:28
1364491404,1364491505,u1,101,2013-03-28 17:23:24
1364491716,1364491857,u1,141,2013-03-28 17:28:36
1364492328,1364492399,u1,71,2013-03-28 17:38:48
1364492599,1364492892,u1,293,2013-03-28 17:43:19
1364492912,1364493194,u1,282,2013-03-28 17:48:32
1364493716,1364494130,u1,414,2013-03-28 18:01:56
1364494340,1364495237,u1,897,2013-03-28 18:12:20
1364495518,1364495921,u1,403,2013-03-28 18:31:58
1364496152,1364496394,u1,242,2013-03-28 18:42:32
1364496625,1364497522,u1,897,2013-03-28 18:50:25
1364497532,1364497654,u1,122,2013-03-28 19:05:32
1364497894,1364497965,u1,71,2013-03-28 19:11:34
1364497975,1364498086,u1,111,2013-03-28 19:12:55
1364498306,1364498457,u1,151,2013-03-28 19:18:26
1364498918,1364499191,u1,273,2013-03-28 19:28:38
1364499662,1364500357,u1,695,2013-03-28 19:41:02
1364500598,1364502304,u1,1706,2013-03-28 19:56:38
1364502535,1364503583,u1,1048,2013-03-28 20:28:55
1364503604,1364504108,u1,504,2013-03-28 20:46:44
1364504820,1364504901,u1,81,2013-03-28 21:07:00
1364504941,1364504982,u1,41,2013-03-28 21:09:01
1364505232,1364505837,u1,605,2013-03-28 21:13:52
1364508475,1364508666,u1,191,2013-03-28 22:07:55
1364508887,1364509118,u1,231,2013-03-28 22:14:47
1364512476,1364513051,u1,575,2013-03-28 23:14:36
1364513292,1364514926,u1,1634,2013-03-28 23:28:12
1364515156,1364516105,u1,949,2013-03-28 23:59:16
1364516335,1364520017,u1,3682,2013-03-29 00:18:55
1364520258,1364521034,u1,776,2013-03-29 01:24:18
1364521255,1364522001,u1,746,2013-03-29 01:40:55
1364522212,1364522383,u1,171,2013-03-29 01:56:52
1364522664,1364522745,u1,81,2013-03-29 02:04:24
1364523727,1364523959,u1,232,2013-03-29 02:22:07
1364524461,1364524693,u1,232,2013-03-29 02:34:21
1364524923,1364525125,u1,202,2013-03-29 02:42:03
1364525356,1364525920,u1,564,2013-03-29 02:49:16
1364526121,1364526211,u1,90,2013-03-29 03:02:01
1364528337,1364528811,u1,474,2013-03-29 03:38:57
1364528841,1364529053,u1,212,2013-03-29 03:47:21
1364529304,1364529768,u1,464,2013-03-29 03:55:04
1364529788,1364530091,u1,303,2013-03-29 04:03:08
1364530321,1364531128,u1,807,2013-03-29 04:12:01
1364534496,1364534607,u1,111,2013-03-29 05:21:36
1364560556,1364560657,u1,101,2013-03-29 12:35:56
1364561379,1364562659,u1,1280,2013-03-29 12:49:39
1364563141,1364564270,u1,1129,2013-03-29 13:19:01
1364564511,1364565126,u1,615,2013-03-29 13:41:51
1364565817,1364569721,u1,3904,2013-03-29 14:03:37
1364570442,1364574114,u1,3672,2013-03-29 15:20:42
1364574365,1364574496,u1,131,2013-03-29 16:26:05
1364574947,1364575260,u1,313,2013-03-29 16:35:47
1364576704,1364577097,u1,393,2013-03-29 17:05:04
1364577829,1364578262,u1,433,2013-03-29 17:23:49
1364578283,1364578444,u1,161,2013-03-29 17:31:23
1364579156,1364579912,u1,756,2013-03-29 17:45:56
1364580363,1364580615,u1,252,2013-03-29 18:06:03
1364580846,1364581098,u1,252,2013-03-29 18:14:06
1364581349,1364581439,u1,90,2013-03-29 18:22:29
1364582181,1364586641,u1,4460,2013-03-29 18:36:21
1364586842,1364587407,u1,565,2013-03-29 19:54:02
1364587647,1364587808,u1,161,2013-03-29 20:07:27
1364588039,1364588130,u1,91,2013-03-29 20:13:59
1364590736,1364591452,u1,716,2013-03-29 20:58:56
1364591702,1364592277,u1,575,2013-03-29 21:15:02
1364592488,1364593576,u1,1088,2013-03-29 21:28:08
1364593807,1364594563,u1,756,2013-03-29 21:50:07
1364594774,1364595187,u1,413,2013-03-29 22:06:14
1364595427,1364596224,u1,797,2013-03-29 22:17:07
1364597658,1364599362,u1,1704,2013-03-29 22:54:18
1364599563,1364599774,u1,211,2013-03-29 23:26:03
1364600025,1364600620,u1,595,2013-03-29 23:33:45
1364601071,1364604177,u1,3106,2013-03-29 23:51:11
1364604378,1364606747,u1,2369,2013-03-30 00:46:18
1364606747,1364608674,u1,1927,2013-03-30 01:25:47
1364608884,1364609610,u1,726,2013-03-30 02:01:24
1364610823,1364610894,u1,71,2013-03-30 02:33:43
1364611114,1364611195,u1,81,2013-03-30 02:38:34
1364613350,1364613552,u1,202,2013-03-30 03:15:50
1364616449,1364617448,u1,999,2013-03-30 04:07:29
1364618149,1364618271,u1,122,2013-03-30 04:35:49
1364621639,1364621750,u1,111,2013-03-30 05:33:59
1364622461,1364622572,u1,111,2013-03-30 05:47:41
1364657891,1364659496,u1,1605,2013-03-30 15:38:11
1364659707,1364659838,u1,131,2013-03-30 16:08:27
1364660058,1364660452,u1,394,2013-03-30 16:14:18
1364660662,1364662903,u1,2241,2013-03-30 16:24:22
1364663133,1364664744,u1,1611,2013-03-30 17:05:33
1364664754,1364666146,u1,1392,2013-03-30 17:32:34
1364666366,1364668141,u1,1775,2013-03-30 17:59:26
1364668382,1364668482,u1,100,2013-03-30 18:33:02
1364668713,1364669197,u1,484,2013-03-30 18:38:33
1364670871,1364678283,u1,7412,2013-03-30 19:14:31
1364678734,1364679672,u1,938,2013-03-30 21:25:34
1364679893,1364680003,u1,110,2013-03-30 21:44:53
1364680234,1364680869,u1,635,2013-03-30 21:50:34
1364681080,1364681211,u1,131,2013-03-30 22:04:40
1364688649,1364689597,u1,948,2013-03-31 00:10:49
1364689798,1364690615,u1,817,2013-03-31 00:29:58
1364690805,1364691128,u1,323,2013-03-31 00:46:45
1364697615,1364698351,u1,736,2013-03-31 02:40:15
1364698571,1364701888,u1,3317,2013-03-31 02:56:11
1364702109,1364703420,u1,1311,2013-03-31 03:55:09
1364703681,1364703802,u1,121,2013-03-31 04:21:21
1364704283,1364704464,u1,181,2013-03-31 04:31:23
1364705177,1364705267,u1,90,2013-03-31 04:46:17
1364705498,1364706274,u1,776,2013-03-31 04:51:38
1364706495,1364706555,u1,60,2013-03-31 05:08:15
1364706586,1364706646,u1,60,2013-03-31 05:09:46
1364706857,1364707109,u1,252,2013-03-31 05:14:17
1364707600,1364707681,u1,81,2013-03-31 05:26:40
1364708663,1364709071,u1,408,2013-03-31 05:44:23
1364748261,1364748755,u1,494,2013-03-31 16:44:21
1364748966,1364750156,u1,1190,2013-03-31 16:56:06
1364750417,1364750749,u1,332,2013-03-31 17:20:17
1364751210,1364751321,u1,111,2013-03-31 17:33:30
1364751552,1364751673,u1,121,2013-03-31 17:39:12
1364753367,1364755949,u1,2582,2013-03-31 18:09:27
1364758116,1364759911,u1,1795,2013-03-31 19:28:36
1364759932,1364760497,u1,565,2013-03-31 19:58:52
1364760527,1364760900,u1,373,2013-03-31 20:08:47
1364761110,1364761292,u1,182,2013-03-31 20:18:30
1364761553,1364765174,u1,3621,2013-03-31 20:25:53
1364765675,1364766361,u1,686,2013-03-31 21:34:35
1364766592,1364766723,u1,131,2013-03-31 21:49:52
1364767405,1364767727,u1,322,2013-03-31 22:03:25
1364768459,1364769145,u1,686,2013-03-31 22:20:59
1364769416,1364769608,u1,192,2013-03-31 22:36:56
1364769838,1364769909,u1,71,2013-03-31 22:43:58
1364770370,1364770450,u1,80,2013-03-31 22:52:50
1364771373,1364771474,u1,101,2013-03-31 23:09:33
1364771674,1364771855,u1,181,2013-03-31 23:14:34
1364773319,1364773399,u1,80,2013-03-31 23:41:59
1364774402,1364774493,u1,91,2013-04-01 00:00:02
1364775225,1364775517,u1,292,2013-04-01 00:13:45
1364775778,1364775868,u1,90,2013-04-01 00:22:58
1364777081,1364778212,u1,1131,2013-04-01 00:44:41
1364778452,1364779461,u1,1009,2013-04-01 01:07:32
1364779671,1364779802,u1,131,2013-04-01 01:27:51
1364780775,1364780976,u1,201,2013-04-01 01:46:15
1364782189,1364782562,u1,373,2013-04-01 02:09:49
1364782783,1364782894,u1,111,2013-04-01 02:19:43
1364782894,1364783257,u1,363,2013-04-01 02:21:34
1364784250,1364785127,u1,877,2013-04-01 02:44:10
1364785157,1364785319,u1,162,2013-04-01 02:59:17
1364785580,1364785963,u1,383,2013-04-01 03:06:20
1364785993,1364786578,u1,585,2013-04-01 03:13:13
1364787049,1364787160,u1,111,2013-04-01 03:30:49
1364787892,1364788517,u1,625,2013-04-01 03:44:52
1364788748,1364790079,u1,1331,2013-04-01 03:59:08
1364790300,1364790672,u1,372,2013-04-01 04:25:00
1364791134,1364792182,u1,1048,2013-04-01 04:38:54
1364793616,1364793989,u1,373,2013-04-01 05:20:16
1364794199,1364795046,u1,847,2013-04-01 05:29:59
1364795286,1364796799,u1,1513,2013-04-01 05:48:06
1364797019,1364800105,u1,3086,2013-04-01 06:16:59
1364800336,1364802101,u1,1765,2013-04-01 07:12:16
1364802301,1364802987,u1,686,2013-04-01 07:45:01
1364830372,1364833307,u1,2935,2013-04-01 15:32:52
1364833828,1364833979,u1,151,2013-04-01 16:30:28
1364834481,1364835499,u1,1018,2013-04-01 16:41:21
1364836923,1364837306,u1,383,2013-04-01 17:22:03
1364837747,1364838322,u1,575,2013-04-01 17:35:47
1364839034,1364839659,u1,625,2013-04-01 17:57:14
1364839879,1364840767,u1,888,2013-04-01 18:11:19
1364841017,1364841542,u1,525,2013-04-01 18:30:17
1364841792,1364842004,u1,212,2013-04-01 18:43:12
1364842214,1364842336,u1,122,2013-04-01 18:50:14
1364842807,1364842928,u1,121,2013-04-01 19:00:07
1364843188,1364844096,u1,908,2013-04-01 19:06:28
1364846713,1364846793,u1,80,2013-04-01 20:05:13
1364847245,1364847739,u1,494,2013-04-01 20:14:05
1364848451,1364848531,u1,80,2013-04-01 20:34:11
1364855499,1364856315,u1,816,2013-04-01 22:31:39
1364856837,1364857341,u1,504,2013-04-01 22:53:57
1364857371,1364857482,u1,111,2013-04-01 23:02:51
1364857943,1364859336,u1,1393,2013-04-01 23:12:23
1364859356,1364859437,u1,81,2013-04-01 23:35:56
1364859437,1364863571,u1,4134,2013-04-01 23:37:17
1364865205,1364865316,u1,111,2013-04-02 01:13:25
1364866058,1364866431,u1,373,2013-04-02 01:27:38
1364869388,1364869499,u1,111,2013-04-02 02:23:08
1364869760,1364870193,u1,433,2013-04-02 02:29:20
1364870194,1364870486,u1,292,2013-04-02 02:36:34
1364870716,1364871916,u1,1200,2013-04-02 02:45:16
1364872167,1364872681,u1,514,2013-04-02 03:09:27
1364872962,1364873063,u1,101,2013-04-02 03:22:42
1364873063,1364873517,u1,454,2013-04-02 03:24:23
1364873727,1364873959,u1,232,2013-04-02 03:35:27
1364874230,1364874563,u1,333,2013-04-02 03:43:50
1364875054,1364875205,u1,151,2013-04-02 03:57:34
1364875476,1364875758,u1,282,2013-04-02 04:04:36
1364876019,1364876947,u1,928,2013-04-02 04:13:39
1364877218,1364877510,u1,292,2013-04-02 04:33:38
1364877771,1364877871,u1,100,2013-04-02 04:42:51
1364878102,1364878656,u1,554,2013-04-02 04:48:22
1364918538,1364918608,u1,70,2013-04-02 16:02:18
1364919330,1364919381,u1,51,2013-04-02 16:15:30
1364921537,1364921648,u1,111,2013-04-02 16:52:17
1364922159,1364923732,u1,1573,2013-04-02 17:02:39
1364924173,1364924809,u1,636,2013-04-02 17:36:13
1364925029,1364925533,u1,504,2013-04-02 17:50:29
1364927939,1364928110,u1,171,2013-04-02 18:38:59
1364929293,1364929535,u1,242,2013-04-02 19:01:33
1364930969,1364931372,u1,403,2013-04-02 19:29:29
1364932063,1364932699,u1,636,2013-04-02 19:47:43
1364933210,1364933341,u1,131,2013-04-02 20:06:50
1364934294,1364934344,u1,50,2013-04-02 20:24:54
1364935307,1364935821,u1,514,2013-04-02 20:41:47
1364937004,1364937075,u1,71,2013-04-02 21:10:04
1364942809,1364942950,u1,141,2013-04-02 22:46:49
1364946318,1364946389,u1,71,2013-04-02 23:45:18
1364946609,1364946821,u1,212,2013-04-02 23:50:09
1364947082,1364947143,u1,61,2013-04-02 23:58:02
1364947383,1364948926,u1,1543,2013-04-03 00:03:03
1364949438,1364949639,u1,201,2013-04-03 00:37:18
1364950551,1364950692,u1,141,2013-04-03 00:55:51
1364950913,1364951649,u1,736,2013-04-03 01:01:53
1364951870,1364952676,u1,806,2013-04-03 01:17:50
1364955083,1364955446,u1,363,2013-04-03 02:11:23
1364955696,1364955837,u1,141,2013-04-03 02:21:36
1364956569,1364956720,u1,151,2013-04-03 02:36:09
1364957182,1364957303,u1,121,2013-04-03 02:46:22
1364961154,1364961225,u1,71,2013-04-03 03:52:34
1364961455,1364961768,u1,313,2013-04-03 03:57:35
1364967522,1364967593,u1,71,2013-04-03 05:38:42
1364968515,1364968666,u1,151,2013-04-03 05:55:15
1364993181,1364997155,u1,3974,2013-04-03 12:46:21
1364998077,1365000295,u1,2218,2013-04-03 14:07:57
1365000546,1365001675,u1,1129,2013-04-03 14:49:06
1365002176,1365002357,u1,181,2013-04-03 15:16:16
1365002829,1365013003,u1,10174,2013-04-03 15:27:09
1365013204,1365013920,u1,716,2013-04-03 18:20:04
1365015645,1365019437,u1,3792,2013-04-03 19:00:45
1365019637,1365023349,u1,3712,2013-04-03 20:07:17
1365023599,1365024406,u1,807,2013-04-03 21:13:19
1365024888,1365025695,u1,807,2013-04-03 21:34:48
1365027641,1365029054,u1,1413,2013-04-03 22:20:41
1365029065,1365030836,u1,1771,2013-04-03 22:44:25
1365031056,1365034457,u1,3401,2013-04-03 23:17:36
1365034647,1365035272,u1,625,2013-04-04 00:17:27
1365035503,1365037934,u1,2431,2013-04-04 00:31:43
1365038134,1365040928,u1,2794,2013-04-04 01:15:34
1365041369,1365042549,u1,1180,2013-04-04 02:09:29
1365042760,1365044162,u1,1402,2013-04-04 02:32:40
1365044382,1365047773,u1,3391,2013-04-04 02:59:42
1365047974,1365049124,u1,1150,2013-04-04 03:59:34
1365049375,1365050767,u1,1392,2013-04-04 04:22:55
1365050978,1365051059,u1,81,2013-04-04 04:49:38
1365052021,1365052404,u1,383,2013-04-04 05:07:01
1365053086,1365056167,u1,3081,2013-04-04 05:24:46
1365056397,1365056508,u1,111,2013-04-04 06:19:57
1365056749,1365056960,u1,211,2013-04-04 06:25:49
1365057672,1365058196,u1,524,2013-04-04 06:41:12
1365058196,1365058267,u1,71,2013-04-04 06:49:56
1365059219,1365059471,u1,252,2013-04-04 07:06:59
1365059712,1365059793,u1,81,2013-04-04 07:15:12
1365090046,1365090167,u1,121,2013-04-04 15:40:46
1365090408,1365090609,u1,201,2013-04-04 15:46:48
1365091070,1365091423,u1,353,2013-04-04 15:57:50
1365091674,1365094488,u1,2814,2013-04-04 16:07:54
1365095199,1365096218,u1,1019,2013-04-04 17:06:39
1365096489,1365096923,u1,434,2013-04-04 17:28:09
1365097364,1365099037,u1,1673,2013-04-04 17:42:44
1365099058,1365099814,u1,756,2013-04-04 18:10:58
1365100305,1365100497,u1,192,2013-04-04 18:31:45
1365100727,1365101020,u1,293,2013-04-04 18:38:47
1365101772,1365101963,u1,191,2013-04-04 18:56:12
1365102194,1365102759,u1,565,2013-04-04 19:03:14
1365102789,1365103364,u1,575,2013-04-04 19:13:09
1365103866,1365104833,u1,967,2013-04-04 19:31:06
1365105299,1365105511,u1,212,2013-04-04 19:54:59
1365105972,1365106577,u1,605,2013-04-04 20:06:12
1365106587,1365106678,u1,91,2013-04-04 20:16:27
1365107400,1365110203,u1,2803,2013-04-04 20:30:00
1365110404,1365111482,u1,1078,2013-04-04 21:20:04
1365111763,1365113568,u1,1805,2013-04-04 21:42:43
1365114250,1365114311,u1,61,2013-04-04 22:24:10
1365114561,1365114924,u1,363,2013-04-04 22:29:21
1365115395,1365115829,u1,434,2013-04-04 22:43:15
1365116060,1365118551,u1,2491,2013-04-04 22:54:20
1365119002,1365121825,u1,2823,2013-04-04 23:43:22
1365121845,1365123096,u1,1251,2013-04-05 00:30:45
1365123317,1365125737,u1,2420,2013-04-05 00:55:17
1365125957,1365129976,u1,4019,2013-04-05 01:39:17
1365130468,1365130609,u1,141,2013-04-05 02:54:28
1365132745,1365133351,u1,606,2013-04-05 03:32:25
1365134544,1365135028,u1,484,2013-04-05 04:02:24
1365135058,1365135179,u1,121,2013-04-05 04:10:58
1365135390,1365135883,u1,493,2013-04-05 04:16:30
1365135904,1365136055,u1,151,2013-04-05 04:25:04
1365136537,1365137394,u1,857,2013-04-05 04:35:37
1365137615,1365138008,u1,393,2013-04-05 04:53:35
1365138460,1365138520,u1,60,2013-04-05 05:07:40
1365140455,1365140525,u1,70,2013-04-05 05:40:55
1365164300,1365164371,u1,71,2013-04-05 12:18:20
1365173736,1365174099,u1,363,2013-04-05 14:55:36
1365174340,1365174441,u1,101,2013-04-05 15:05:40
1365174932,1365178845,u1,3913,2013-04-05 15:15:32
1365181263,1365181535,u1,272,2013-04-05 17:01:03
1365181796,1365181897,u1,101,2013-04-05 17:09:56
1365182870,1365183051,u1,181,2013-04-05 17:27:50
1365183282,1365183494,u1,212,2013-04-05 17:34:42
1365184165,1365184266,u1,101,2013-04-05 17:49:25
1365184727,1365184797,u1,70,2013-04-05 17:58:47
1365185039,1365185079,u1,40,2013-04-05 18:03:59
1365185099,1365186198,u1,1099,2013-04-05 18:04:59
1365186419,1365187417,u1,998,2013-04-05 18:26:59
1365187438,1365187518,u1,80,2013-04-05 18:43:58
1365187729,1365188011,u1,282,2013-04-05 18:48:49
1365188282,1365188564,u1,282,2013-04-05 18:58:02
1365188825,1365189188,u1,363,2013-04-05 19:07:05
1365189399,1365189489,u1,90,2013-04-05 19:16:39
1365189700,1365189770,u1,70,2013-04-05 19:21:40
1365190231,1365191249,u1,1018,2013-04-05 19:30:31
1365191490,1365193688,u1,2198,2013-04-05 19:51:30
1365194130,1365195683,u1,1553,2013-04-05 20:35:30
1365195873,1365197335,u1,1462,2013-04-05 21:04:33
1365197555,1365197837,u1,282,2013-04-05 21:32:35
1365198048,1365199036,u1,988,2013-04-05 21:40:48
1365199237,1365205078,u1,5841,2013-04-05 22:00:37
1365205339,1365205682,u1,343,2013-04-05 23:42:19
1365205702,1365206953,u1,1251,2013-04-05 23:48:22
1365207173,1365208948,u1,1775,2013-04-06 00:12:53
1365209158,1365209259,u1,101,2013-04-06 00:45:58
1365209530,1365209833,u1,303,2013-04-06 00:52:10
1365210294,1365211948,u1,1654,2013-04-06 01:04:54
1365212158,1365213673,u1,1515,2013-04-06 01:35:58
1365214155,1365215448,u1,1293,2013-04-06 02:09:15
1365216171,1365216968,u1,797,2013-04-06 02:42:51
1365217198,1365218106,u1,908,2013-04-06 02:59:58
1365218347,1365223329,u1,4982,2013-04-06 03:19:07
1365223580,1365224993,u1,1413,2013-04-06 04:46:20
1365225243,1365225324,u1,81,2013-04-06 05:14:03
1365225544,1365225999,u1,455,2013-04-06 05:19:04
1365226933,1365228173,u1,1240,2013-04-06 05:42:13
1365228373,1365228787,u1,414,2013-04-06 06:06:13
1365229027,1365229713,u1,686,2013-04-06 06:17:07
1365230164,1365230567,u1,403,2013-04-06 06:36:04
1365271875,1365272097,u1,222,2013-04-06 18:11:15
1365272137,1365272258,u1,121,2013-04-06 18:15:37
1365273211,1365273775,u1,564,2013-04-06 18:33:31
1365274036,1365274621,u1,585,2013-04-06 18:47:16
1365274651,1365274752,u1,101,2013-04-06 18:57:31
1365274772,1365276043,u1,1271,2013-04-06 18:59:32
1365277687,1365277768,u1,81,2013-04-06 19:48:07
1365278269,1365278440,u1,171,2013-04-06 19:57:49
1365278651,1365283947,u1,5296,2013-04-06 20:04:11
1365284178,1365285813,u1,1635,2013-04-06 21:36:18
1365285823,1365285984,u1,161,2013-04-06 22:03:43
1365286255,1365287425,u1,1170,2013-04-06 22:10:55
1365287445,1365287969,u1,524,2013-04-06 22:30:45
1365287990,1365288363,u1,373,2013-04-06 22:39:50
1365288593,1365289652,u1,1059,2013-04-06 22:49:53
1365290374,1365292008,u1,1634,2013-04-06 23:19:34
1365292218,1365294245,u1,2027,2013-04-06 23:50:18
1365294456,1365294597,u1,141,2013-04-07 00:27:36
1365294807,1365295382,u1,575,2013-04-07 00:33:27
1365295833,1365295913,u1,80,2013-04-07 00:50:33
1365295923,1365295984,u1,61,2013-04-07 00:52:03
1365296435,1365296687,u1,252,2013-04-07 01:00:35
1365296918,1365297250,u1,332,2013-04-07 01:08:38
1365297471,1365303451,u1,5980,2013-04-07 01:17:51
1365303722,1365303944,u1,222,2013-04-07 03:02:02
1365304185,1365304508,u1,323,2013-04-07 03:09:45
1365304718,1365305141,u1,423,2013-04-07 03:18:38
1365305412,1365305473,u1,61,2013-04-07 03:30:12
1365306154,1365306376,u1,222,2013-04-07 03:42:34
1365306837,1365308299,u1,1462,2013-04-07 03:53:57
1365308990,1365310170,u1,1180,2013-04-07 04:29:50
1365311162,1365312664,u1,1502,2013-04-07 05:06:02
1365313376,1365313487,u1,111,2013-04-07 05:42:56
1365314212,1365314466,u1,254,2013-04-07 05:56:52
1365314948,1365315230,u1,282,2013-04-07 06:09:08
1365355859,1365356576,u1,717,2013-04-07 17:30:59
1365356586,1365357181,u1,595,2013-04-07 17:43:06
1365357892,1365361644,u1,3752,2013-04-07 18:04:52
1365361854,1365361965,u1,111,2013-04-07 19:10:54
1365362216,1365362417,u1,201,2013-04-07 19:16:56
1365362888,1365362939,u1,51,2013-04-07 19:28:08
1365363420,1365364711,u1,1291,2013-04-07 19:37:00
1365364921,1365365799,u1,878,2013-04-07 20:02:01
1365365999,1365367764,u1,1765,2013-04-07 20:19:59
1365369187,1365369399,u1,212,2013-04-07 21:13:07
1365370321,1365375525,u1,5204,2013-04-07 21:32:01
1365375746,1365375887,u1,141,2013-04-07 23:02:26
1365376107,1365376390,u1,283,2013-04-07 23:08:27
1365378830,1365378880,u1,50,2013-04-07 23:53:50
1365379602,1365382507,u1,2905,2013-04-08 00:06:42
1365382737,1365383806,u1,1069,2013-04-08 00:58:57
1365384037,1365385418,u1,1381,2013-04-08 01:20:37
1365385659,1365385810,u1,151,2013-04-08 01:47:39
1365386742,1365387922,u1,1180,2013-04-08 02:05:42
1365388173,1365389423,u1,1250,2013-04-08 02:29:33
1365389674,1365391065,u1,1391,2013-04-08 02:54:34
1365391286,1365392334,u1,1048,2013-04-08 03:21:26
1365392344,1365393282,u1,938,2013-04-08 03:39:04
1365393513,1365395227,u1,1714,2013-04-08 03:58:33
1365395437,1365395982,u1,545,2013-04-08 04:30:37
1365396003,1365396073,u1,70,2013-04-08 04:40:03
1365396304,1365397554,u1,1250,2013-04-08 04:45:04
1365397564,1365397705,u1,141,2013-04-08 05:06:04
1365398447,1365398769,u1,322,2013-04-08 05:20:47
1365398990,1365400119,u1,1129,2013-04-08 05:29:50
1365400140,1365400936,u1,796,2013-04-08 05:49:00
1365401137,1365401359,u1,222,2013-04-08 06:05:37
1365401820,1365402153,u1,333,2013-04-08 06:17:00
1365402434,1365403722,u1,1288,2013-04-08 06:27:14
1365403742,1365404378,u1,636,2013-04-08 06:49:02
1365404408,1365404610,u1,202,2013-04-08 07:00:08
1365404860,1365405496,u1,636,2013-04-08 07:07:40
1365405716,1365406119,u1,403,2013-04-08 07:21:56
1365406621,1365406845,u1,224,2013-04-08 07:37:01
1365419592,1365419673,u1,81,2013-04-08 11:13:12
1365433841,1365434355,u1,514,2013-04-08 15:10:41
1365434616,1365438017,u1,3401,2013-04-08 15:23:36
1365439000,1365440018,u1,1018,2013-04-08 16:36:40
1365440039,1365440190,u1,151,2013-04-08 16:53:59
1365440451,1365440803,u1,352,2013-04-08 17:00:51
1365441034,1365441276,u1,242,2013-04-08 17:10:34
1365441506,1365443432,u1,1926,2013-04-08 17:18:26
1365443934,1365444226,u1,292,2013-04-08 17:58:54
1365444708,1365445706,u1,998,2013-04-08 18:11:48
1365445967,1365446351,u1,384,2013-04-08 18:32:47
1365446792,1365446963,u1,171,2013-04-08 18:46:32
1365447004,1365447074,u1,70,2013-04-08 18:50:04
1365447284,1365447466,u1,182,2013-04-08 18:54:44
1365447957,1365448220,u1,263,2013-04-08 19:05:57
1365448500,1365448722,u1,222,2013-04-08 19:15:00
1365449444,1365449807,u1,363,2013-04-08 19:30:44
1365450047,1365450390,u1,343,2013-04-08 19:40:47
1365450631,1365450873,u1,242,2013-04-08 19:50:31
1365451364,1365451445,u1,81,2013-04-08 20:02:44
1365451676,1365452301,u1,625,2013-04-08 20:07:56
1365453955,1365454176,u1,221,2013-04-08 20:45:55
1365454197,1365454630,u1,433,2013-04-08 20:49:57
1365454861,1365457624,u1,2763,2013-04-08 21:01:01
1365457845,1365461414,u1,3569,2013-04-08 21:50:45
1365461885,1365462036,u1,151,2013-04-08 22:58:05
1365462528,1365463536,u1,1008,2013-04-08 23:08:48
1365467667,1365467899,u1,232,2013-04-09 00:34:27
1365468119,1365468281,u1,162,2013-04-09 00:41:59
1365468772,1365469549,u1,777,2013-04-09 00:52:52
1365469559,1365470113,u1,554,2013-04-09 01:05:59
1365470334,1365470919,u1,585,2013-04-09 01:18:54
1365471129,1365472047,u1,918,2013-04-09 01:32:09
1365472267,1365472388,u1,121,2013-04-09 01:51:07
1365472639,1365473163,u1,524,2013-04-09 01:57:19
1365473675,1365474613,u1,938,2013-04-09 02:14:35
1365475324,1365477482,u1,2158,2013-04-09 02:42:04
1365477503,1365478814,u1,1311,2013-04-09 03:18:23
1365479044,1365480355,u1,1311,2013-04-09 03:44:04
1365482550,1365484818,u1,2268,2013-04-09 04:42:30
1365529277,1365529508,u1,231,2013-04-09 17:41:17
1365530241,1365530362,u1,121,2013-04-09 17:57:21
1365530602,1365530794,u1,192,2013-04-09 18:03:22
1365531275,1365531376,u1,101,2013-04-09 18:14:35
1365531617,1365531677,u1,60,2013-04-09 18:20:17
1365531687,1365532494,u1,807,2013-04-09 18:21:27
1365532535,1365532767,u1,232,2013-04-09 18:35:35
1365533729,1365534122,u1,393,2013-04-09 18:55:29
1365535085,1365535851,u1,766,2013-04-09 19:18:05
1365536533,1365536886,u1,353,2013-04-09 19:42:13
1365537126,1365537883,u1,757,2013-04-09 19:52:06
1365538083,1365544962,u1,6879,2013-04-09 20:08:03
1365545182,1365545414,u1,232,2013-04-09 22:06:22
1365545655,1365547733,u1,2078,2013-04-09 22:14:15
1365548675,1365549794,u1,1119,2013-04-09 23:04:35
1365550065,1365550277,u1,212,2013-04-09 23:27:45
1365550799,1365550980,u1,181,2013-04-09 23:39:59
1365551421,1365553388,u1,1967,2013-04-09 23:50:21
1365553588,1365554062,u1,474,2013-04-10 00:26:28
1365555266,1365555366,u1,100,2013-04-10 00:54:26
1365555808,1365556130,u1,322,2013-04-10 01:03:28
1365556862,1365556923,u1,61,2013-04-10 01:21:02
1365557123,1365557506,u1,383,2013-04-10 01:25:23
1365557967,1365558310,u1,343,2013-04-10 01:39:27
1365558510,1365558894,u1,384,2013-04-10 01:48:30
1365559114,1365559911,u1,797,2013-04-10 01:58:34
1365560132,1365562764,u1,2632,2013-04-10 02:15:32
1365563025,1365563671,u1,646,2013-04-10 03:03:45
1365563681,1365563943,u1,262,2013-04-10 03:14:41
1365564154,1365564658,u1,504,2013-04-10 03:22:34
1365564658,1365565656,u1,998,2013-04-10 03:30:58
1365565917,1365566381,u1,464,2013-04-10 03:51:57
1365566652,1365567146,u1,494,2013-04-10 04:04:12
1365567166,1365567912,u1,746,2013-04-10 04:12:46
1365568123,1365570110,u1,1987,2013-04-10 04:28:43
1365570351,1365572277,u1,1926,2013-04-10 05:05:51
1365572538,1365572639,u1,101,2013-04-10 05:42:18
1365598107,1365598187,u1,80,2013-04-10 12:48:27
1365598418,1365600908,u1,2490,2013-04-10 12:53:38
1365601159,1365601865,u1,706,2013-04-10 13:39:19
1365602847,1365604743,u1,1896,2013-04-10 14:07:27
1365604944,1365606457,u1,1513,2013-04-10 14:42:24
1365606477,1365606537,u1,60,2013-04-10 15:07:57
1365606978,1365609640,u1,2662,2013-04-10 15:16:18
1365609881,1365611141,u1,1260,2013-04-10 16:04:41
1365611372,1365611544,u1,172,2013-04-10 16:29:32
1365619243,1365620080,u1,837,2013-04-10 18:40:43
1365620090,1365620443,u1,353,2013-04-10 18:54:50
1365620924,1365622760,u1,1836,2013-04-10 19:08:44
1365623201,1365625460,u1,2259,2013-04-10 19:46:41
1365625671,1365630200,u1,4529,2013-04-10 20:27:51
1365630410,1365631258,u1,848,2013-04-10 21:46:50
1365632210,1365634539,u1,2329,2013-04-10 22:16:50
1365634569,1365635285,u1,716,2013-04-10 22:56:09
1365635306,1365635750,u1,444,2013-04-10 23:08:26
1365635770,1365636254,u1,484,2013-04-10 23:16:10
1365636485,1365637200,u1,715,2013-04-10 23:28:05
1365637441,1365637925,u1,484,2013-04-10 23:44:01
1365638156,1365638438,u1,282,2013-04-10 23:55:56
1365638649,1365639334,u1,685,2013-04-11 00:04:09
1365639555,1365639635,u1,80,2013-04-11 00:19:15
1365639866,1365640108,u1,242,2013-04-11 00:24:26
1365640329,1365640722,u1,393,2013-04-11 00:32:09
1365640993,1365643142,u1,2149,2013-04-11 00:43:13
1365643402,1365643695,u1,293,2013-04-11 01:23:22
1365645359,1365646015,u1,656,2013-04-11 01:55:59
1365646045,1365646479,u1,434,2013-04-11 02:07:25
1365646679,1365648253,u1,1574,2013-04-11 02:17:59
1365648483,1365652185,u1,3702,2013-04-11 02:48:03
1365652646,1365654957,u1,2311,2013-04-11 03:57:26
1365654967,1365655098,u1,131,2013-04-11 04:36:07
1365655579,1365656023,u1,444,2013-04-11 04:46:19
1365659353,1365659413,u1,60,2013-04-11 05:49:13
1365659925,1365659975,u1,50,2013-04-11 05:58:45
1365659986,1365660056,u1,70,2013-04-11 05:59:46
1365685254,1365685536,u1,282,2013-04-11 13:00:54
1365687743,1365687813,u1,70,2013-04-11 13:42:23
1365689708,1365690011,u1,303,2013-04-11 14:15:08
1365690472,1365693084,u1,2612,2013-04-11 14:27:52
1365701224,1365701365,u1,141,2013-04-11 17:27:04
1365703279,1365703894,u1,615,2013-04-11 18:01:19
1365704125,1365704307,u1,182,2013-04-11 18:15:25
1365704557,1365706938,u1,2381,2013-04-11 18:22:37
1365707409,1365708407,u1,998,2013-04-11 19:10:09
1365710332,1365710866,u1,534,2013-04-11 19:58:52
1365711317,1365711448,u1,131,2013-04-11 20:15:17
1365711678,1365711861,u1,183,2013-04-11 20:21:18
1365712102,1365712465,u1,363,2013-04-11 20:28:22
1365713438,1365714688,u1,1250,2013-04-11 20:50:38
1365715872,1365716648,u1,776,2013-04-11 21:31:12
1365717811,1365718204,u1,393,2013-04-11 22:03:31
1365718415,1365719262,u1,847,2013-04-11 22:13:35
1365719502,1365725502,u1,6000,2013-04-11 22:31:42
1365725723,1365726287,u1,564,2013-04-12 00:15:23
1365726759,1365727485,u1,726,2013-04-12 00:32:39
1365727725,1365728169,u1,444,2013-04-12 00:48:45
1365728379,1365729166,u1,787,2013-04-12 00:59:39
1365729397,1365730254,u1,857,2013-04-12 01:16:37
1365730504,1365731291,u1,787,2013-04-12 01:35:04
1365731491,1365732006,u1,515,2013-04-12 01:51:31
1365732236,1365733658,u1,1422,2013-04-12 02:03:56
1365733898,1365734251,u1,353,2013-04-12 02:31:38
1365735244,1365735365,u1,121,2013-04-12 02:54:04
1365735606,1365735958,u1,352,2013-04-12 03:00:06
1365740059,1365740210,u1,151,2013-04-12 04:14:19
1365741710,1365743818,u1,2108,2013-04-12 04:41:50
1365744069,1365744159,u1,90,2013-04-12 05:21:09
1365744410,1365744824,u1,414,2013-04-12 05:26:50
1365744844,1365744955,u1,111,2013-04-12 05:34:04
1365745186,1365747334,u1,2148,2013-04-12 05:39:46
1365747524,1365750620,u1,3096,2013-04-12 06:18:44
1365771044,1365774785,u1,3741,2013-04-12 12:50:44
1365775487,1365776445,u1,958,2013-04-12 14:04:47
1365776675,1365776746,u1,71,2013-04-12 14:24:35
1365776756,1365779358,u1,2602,2013-04-12 14:25:56
1365779839,1365784559,u1,4720,2013-04-12 15:17:19
1365784800,1365784830,u1,30,2013-04-12 16:40:00
1365784860,1365786201,u1,1341,2013-04-12 16:41:00
1365786702,1365786914,u1,212,2013-04-12 17:11:42
1365787386,1365787506,u1,120,2013-04-12 17:23:06
1365787968,1365788038,u1,70,2013-04-12 17:32:48
1365788499,1365789215,u1,716,2013-04-12 17:41:39
1365789476,1365789637,u1,161,2013-04-12 17:57:56
1365789888,1365790332,u1,444,2013-04-12 18:04:48
1365790572,1365792256,u1,1684,2013-04-12 18:16:12
1365792948,1365793301,u1,353,2013-04-12 18:55:48
1365793551,1365793703,u1,152,2013-04-12 19:05:51
1365793893,1365794125,u1,232,2013-04-12 19:11:33
1365796742,1365797074,u1,332,2013-04-12 19:59:02
1365797335,1365800037,u1,2702,2013-04-12 20:08:55
1365800258,1365803566,u1,3308,2013-04-12 20:57:38
1365805767,1365805868,u1,101,2013-04-12 22:29:27
1365805888,1365812878,u1,6990,2013-04-12 22:31:28
1365813118,1365813501,u1,383,2013-04-13 00:31:58
1365813512,1365813895,u1,383,2013-04-13 00:38:32
1365813905,1365813996,u1,91,2013-04-13 00:45:05
1365814447,1365815425,u1,978,2013-04-13 00:54:07
1365816608,1365816820,u1,212,2013-04-13 01:30:08
1365817030,1365817414,u1,384,2013-04-13 01:37:10
1365817644,1365819473,u1,1829,2013-04-13 01:47:24
1365819674,1365822029,u1,2355,2013-04-13 02:21:14
1365822029,1365822634,u1,605,2013-04-13 03:00:29
1365822855,1365824629,u1,1774,2013-04-13 03:14:15
1365824830,1365826040,u1,1210,2013-04-13 03:47:10
1365826531,1365826642,u1,111,2013-04-13 04:15:31
1365828317,1365828528,u1,211,2013-04-13 04:45:17
1365828769,1365830281,u1,1512,2013-04-13 04:52:49
1365831204,1365831274,u1,70,2013-04-13 05:33:24
1365871171,1365873177,u1,2006,2013-04-13 16:39:31
1365873387,1365876493,u1,3106,2013-04-13 17:16:27
1365876524,1365876624,u1,100,2013-04-13 18:08:44
1365876635,1365876715,u1,80,2013-04-13 18:10:35
1365876925,1365879306,u1,2381,2013-04-13 18:15:25
1365879516,1365882278,u1,2762,2013-04-13 18:58:36
1365882298,1365882842,u1,544,2013-04-13 19:44:58
1365883554,1365883594,u1,40,2013-04-13 20:05:54
1365883855,1365884672,u1,817,2013-04-13 20:10:55
1365885393,1365887532,u1,2139,2013-04-13 20:36:33
1365887732,1365888338,u1,606,2013-04-13 21:15:32
1365888348,1365888418,u1,70,2013-04-13 21:25:48
1365888629,1365890625,u1,1996,2013-04-13 21:30:29
1365890856,1365891198,u1,342,2013-04-13 22:07:36
1365891449,1365891590,u1,141,2013-04-13 22:17:29
1365891601,1365892286,u1,685,2013-04-13 22:20:01
1365893510,1365894619,u1,1109,2013-04-13 22:51:50
1365895070,1365897964,u1,2894,2013-04-13 23:17:50
1365898185,1365898629,u1,444,2013-04-14 00:09:45
1365898849,1365901561,u1,2712,2013-04-14 00:20:49
1365901772,1365902286,u1,514,2013-04-14 01:09:32
1365909956,1365910430,u1,474,2013-04-14 03:25:56
1365910460,1365911126,u1,666,2013-04-14 03:34:20
1365911347,1365911488,u1,141,2013-04-14 03:49:07
1365912420,1365912652,u1,232,2013-04-14 04:07:00
1365913404,1365913495,u1,91,2013-04-14 04:23:24
1365913976,1365914349,u1,373,2013-04-14 04:32:56
1365915312,1365915362,u1,50,2013-04-14 04:55:12
1365916596,1365916759,u1,163,2013-04-14 05:16:36
1365917723,1365918055,u1,332,2013-04-14 05:35:23
1365918777,1365921222,u1,2445,2013-04-14 05:52:57
1365921423,1365924499,u1,3076,2013-04-14 06:37:03
1365924720,1365925690,u1,970,2013-04-14 07:32:00
1365960559,1365960630,u1,71,2013-04-14 17:29:19
1365961311,1365964075,u1,2764,2013-04-14 17:41:51
1365964807,1365966642,u1,1835,2013-04-14 18:40:07
1365966862,1365967639,u1,777,2013-04-14 19:14:22
1365967891,1365968914,u1,1023,2013-04-14 19:31:31
1365969135,1365969205,u1,70,2013-04-14 19:52:15
1365969426,1365971614,u1,2188,2013-04-14 19:57:06
1365971856,1365972329,u1,473,2013-04-14 20:37:36
1365972560,1365972792,u1,232,2013-04-14 20:49:20
1365972812,1365972993,u1,181,2013-04-14 20:53:32
1365973966,1365974258,u1,292,2013-04-14 21:12:46
1365976667,1365976949,u1,282,2013-04-14 21:57:47
1365977431,1365977481,u1,50,2013-04-14 22:10:31
1365983256,1365983629,u1,373,2013-04-14 23:47:36
1365984351,1365984452,u1,101,2013-04-15 00:05:51
1365984713,1365985290,u1,577,2013-04-15 00:11:53
1365988177,1365988560,u1,383,2013-04-15 01:09:37
1365989272,1365989585,u1,313,2013-04-15 01:27:52
1365991479,1365991721,u1,242,2013-04-15 02:04:39
1365991961,1365992183,u1,222,2013-04-15 02:12:41
1365992454,1365994088,u1,1634,2013-04-15 02:20:54
1365994298,1365995276,u1,978,2013-04-15 02:51:38
1365995988,1365996976,u1,988,2013-04-15 03:19:48
1365997197,1365997610,u1,413,2013-04-15 03:39:57
1365997851,1365998506,u1,655,2013-04-15 03:50:51
1365998747,1365999533,u1,786,2013-04-15 04:05:47
1365999764,1366001559,u1,1795,2013-04-15 04:22:44
1366008527,1366008991,u1,464,2013-04-15 06:48:47
1366009221,1366009284,u1,63,2013-04-15 07:00:21
1366038590,1366039145,u1,555,2013-04-15 15:09:50
1366039355,1366041201,u1,1846,2013-04-15 15:22:35
1366041412,1366044690,u1,3278,2013-04-15 15:56:52
1366044951,1366045072,u1,121,2013-04-15 16:55:51
1366045323,1366045464,u1,141,2013-04-15 17:02:03
1366045684,1366047248,u1,1564,2013-04-15 17:08:04
1366047478,1366048981,u1,1503,2013-04-15 17:37:58
1366049452,1366050864,u1,1412,2013-04-15 18:10:52
1366051094,1366051760,u1,666,2013-04-15 18:38:14
1366052000,1366052182,u1,182,2013-04-15 18:53:20
1366052392,1366052755,u1,363,2013-04-15 18:59:52
1366053497,1366054082,u1,585,2013-04-15 19:18:17
1366054343,1366054444,u1,101,2013-04-15 19:32:23
1366054665,1366056187,u1,1522,2013-04-15 19:37:45
1366057381,1366058208,u1,827,2013-04-15 20:23:01
1366058468,1366058579,u1,111,2013-04-15 20:41:08
1366059061,1366059262,u1,201,2013-04-15 20:51:01
1366059713,1366060429,u1,716,2013-04-15 21:01:53
1366060439,1366060802,u1,363,2013-04-15 21:13:59
1366061053,1366061890,u1,837,2013-04-15 21:24:13
1366062110,1366062947,u1,837,2013-04-15 21:41:50
1366062977,1366063280,u1,303,2013-04-15 21:56:17
1366063510,1366063651,u1,141,2013-04-15 22:05:10
1366063862,1366064739,u1,877,2013-04-15 22:11:02
1366065200,1366065271,u1,71,2013-04-15 22:33:20
1366065742,1366065853,u1,111,2013-04-15 22:42:22
1366067056,1366068559,u1,1503,2013-04-15 23:04:16
1366068799,1366069182,u1,383,2013-04-15 23:33:19
1366069403,1366069847,u1,444,2013-04-15 23:43:23
1366070779,1366071152,u1,373,2013-04-16 00:06:19
1366071382,1366071533,u1,151,2013-04-16 00:16:22
1366071794,1366072339,u1,545,2013-04-16 00:23:14
1366074263,1366074857,u1,594,2013-04-16 01:04:23
1366075098,1366075360,u1,262,2013-04-16 01:18:18
1366075601,1366075752,u1,151,2013-04-16 01:26:41
1366076243,1366076646,u1,403,2013-04-16 01:37:23
1366077639,1366078456,u1,817,2013-04-16 02:00:39
1366078466,1366078647,u1,181,2013-04-16 02:14:26
1366078888,1366080017,u1,1129,2013-04-16 02:21:28
1366080759,1366081425,u1,666,2013-04-16 02:52:39
1366081665,1366081776,u1,111,2013-04-16 03:07:45
1366082027,1366082329,u1,302,2013-04-16 03:13:47
1366082540,1366082721,u1,181,2013-04-16 03:22:20
1366082982,1366083305,u1,323,2013-04-16 03:29:42
1366083525,1366083707,u1,182,2013-04-16 03:38:45
1366083937,1366084200,u1,263,2013-04-16 03:45:37
1366084420,1366084602,u1,182,2013-04-16 03:53:40
1366084832,1366085165,u1,333,2013-04-16 04:00:32
1366085375,1366085526,u1,151,2013-04-16 04:09:35
1366085987,1366089053,u1,3066,2013-04-16 04:19:47
1366089273,1366089545,u1,272,2013-04-16 05:14:33
1366089746,1366091342,u1,1596,2013-04-16 05:22:26
1366124255,1366124326,u1,71,2013-04-16 14:57:35
1366131034,1366131155,u1,121,2013-04-16 16:50:34
1366134266,1366134377,u1,111,2013-04-16 17:44:26
1366134567,1366135283,u1,716,2013-04-16 17:49:27
1366136035,1366136711,u1,676,2013-04-16 18:13:55
1366137413,1366137534,u1,121,2013-04-16 18:36:53
1366137764,1366137825,u1,61,2013-04-16 18:42:44
1366137835,1366137925,u1,90,2013-04-16 18:43:55
1366138176,1366138902,u1,726,2013-04-16 18:49:36
1366138932,1366139174,u1,242,2013-04-16 19:02:12
1366139856,1366140582,u1,726,2013-04-16 19:17:36
1366140582,1366141308,u1,726,2013-04-16 19:29:42
1366141539,1366141851,u1,312,2013-04-16 19:45:39
1366142332,1366142524,u1,192,2013-04-16 19:58:52
1366145150,1366145281,u1,131,2013-04-16 20:45:50
1366145292,1366145402,u1,110,2013-04-16 20:48:12
1366147076,1366147469,u1,393,2013-04-16 21:17:56
1366148412,1366148724,u1,312,2013-04-16 21:40:12
1366149426,1366151645,u1,2219,2013-04-16 21:57:06
1366151866,1366152834,u1,968,2013-04-16 22:37:46
1366152854,1366152985,u1,131,2013-04-16 22:54:14
1366153446,1366155635,u1,2189,2013-04-16 23:04:06
1366156336,1366156588,u1,252,2013-04-16 23:52:16
1366156788,1366157968,u1,1180,2013-04-16 23:59:48
1366158178,1366159651,u1,1473,2013-04-17 00:22:58
1366159861,1366161727,u1,1866,2013-04-17 00:51:01
1366161968,1366162250,u1,282,2013-04-17 01:26:08
1366162291,1366162361,u1,70,2013-04-17 01:31:31
1366162561,1366163631,u1,1070,2013-04-17 01:36:01
1366163882,1366164083,u1,201,2013-04-17 01:58:02
1366164324,1366165685,u1,1361,2013-04-17 02:05:24
1366165696,1366165968,u1,272,2013-04-17 02:28:16
1366166198,1366166692,u1,494,2013-04-17 02:36:38
1366166733,1366166955,u1,222,2013-04-17 02:45:33
1366167185,1366167649,u1,464,2013-04-17 02:53:05
1366167859,1366168041,u1,182,2013-04-17 03:04:19
1366168261,1366168675,u1,414,2013-04-17 03:11:01
1366168948,1366169079,u1,131,2013-04-17 03:22:28
1366170482,1366171662,u1,1180,2013-04-17 03:48:02
1366171852,1366172205,u1,353,2013-04-17 04:10:52
1366172656,1366172868,u1,212,2013-04-17 04:24:16
1366173078,1366173219,u1,141,2013-04-17 04:31:18
1366173680,1366175837,u1,2157,2013-04-17 04:41:20
1366176078,1366176733,u1,655,2013-04-17 05:21:18
1366176984,1366178083,u1,1099,2013-04-17 05:36:24
1366178303,1366179362,u1,1059,2013-04-17 05:58:23
1366179623,1366179885,u1,262,2013-04-17 06:20:23
1366180095,1366180741,u1,646,2013-04-17 06:28:15
1366180761,1366181426,u1,665,2013-04-17 06:39:21
1366181667,1366182242,u1,575,2013-04-17 06:54:27
1366207741,1366208537,u1,796,2013-04-17 14:09:01
1366208547,1366210716,u1,2169,2013-04-17 14:22:27
1366210916,1366211158,u1,242,2013-04-17 15:01:56
1366211629,1366214695,u1,3066,2013-04-17 15:13:49
1366214715,1366215784,u1,1069,2013-04-17 16:05:15
1366216015,1366216368,u1,353,2013-04-17 16:26:55
1366217090,1366217413,u1,323,2013-04-17 16:44:50
1366217673,1366218601,u1,928,2013-04-17 16:54:33
1366218831,1366219739,u1,908,2013-04-17 17:13:51
1366219990,1366220131,u1,141,2013-04-17 17:33:10
1366220352,1366221078,u1,726,2013-04-17 17:39:12
1366221298,1366221520,u1,222,2013-04-17 17:54:58
1366222462,1366222603,u1,141,2013-04-17 18:14:22
1366222823,1366223227,u1,404,2013-04-17 18:20:23
1366223247,1366223580,u1,333,2013-04-17 18:27:27
1366223600,1366224467,u1,867,2013-04-17 18:33:20
1366224668,1366225969,u1,1301,2013-04-17 18:51:08
1366227863,1366227974,u1,111,2013-04-17 19:44:23
1366231092,1366231173,u1,81,2013-04-17 20:38:12
1366231884,1366233125,u1,1241,2013-04-17 20:51:24
1366233166,1366233398,u1,232,2013-04-17 21:12:46
1366233628,1366234152,u1,524,2013-04-17 21:20:28
1366234173,1366234304,u1,131,2013-04-17 21:29:33
1366234524,1366235382,u1,858,2013-04-17 21:35:24
1366235602,1366237145,u1,1543,2013-04-17 21:53:22
1366237366,1366237628,u1,262,2013-04-17 22:22:46
1366238140,1366238553,u1,413,2013-04-17 22:35:40
1366238573,1366238916,u1,343,2013-04-17 22:42:53
1366239156,1366239459,u1,303,2013-04-17 22:52:36
1366239690,1366241190,u1,1500,2013-04-17 23:01:30
1366241431,1366242278,u1,847,2013-04-17 23:30:31
1366243481,1366245388,u1,1907,2013-04-18 00:04:41
1366245890,1366248532,u1,2642,2013-04-18 00:44:50
1366248743,1366249994,u1,1251,2013-04-18 01:32:23
1366250194,1366253956,u1,3762,2013-04-18 01:56:34
1366254147,1366257920,u1,3773,2013-04-18 03:02:27
1366257940,1366258414,u1,474,2013-04-18 04:05:40
1366259638,1366259749,u1,111,2013-04-18 04:33:58
1366260692,1366263617,u1,2925,2013-04-18 04:51:32
1366264549,1366264630,u1,81,2013-04-18 05:55:49
1366300181,1366300363,u1,182,2013-04-18 15:49:41
1366300854,1366301358,u1,504,2013-04-18 16:00:54
1366301799,1366303009,u1,1210,2013-04-18 16:16:39
1366303019,1366303331,u1,312,2013-04-18 16:36:59
1366303552,1366303995,u1,443,2013-04-18 16:45:52
1366305398,1366305519,u1,121,2013-04-18 17:16:38
1366306271,1366306382,u1,111,2013-04-18 17:31:11
1366307344,1366307748,u1,404,2013-04-18 17:49:04
1366308470,1366308924,u1,454,2013-04-18 18:07:50
1366309877,1366310139,u1,262,2013-04-18 18:31:17
1366310179,1366310260,u1,81,2013-04-18 18:36:19
1366310301,1366310412,u1,111,2013-04-18 18:38:21
1366311846,1366313389,u1,1543,2013-04-18 19:04:06
1366314141,1366314283,u1,142,2013-04-18 19:42:21
1366314533,1366315269,u1,736,2013-04-18 19:48:53
1366315500,1366315651,u1,151,2013-04-18 20:05:00
1366315862,1366316064,u1,202,2013-04-18 20:11:02
1366316294,1366316738,u1,444,2013-04-18 20:18:14
1366316928,1366317008,u1,80,2013-04-18 20:28:48
1366317991,1366318111,u1,120,2013-04-18 20:46:31
1366319535,1366319756,u1,221,2013-04-18 21:12:15
1366320007,1366321278,u1,1271,2013-04-18 21:20:07
1366321529,1366321760,u1,231,2013-04-18 21:45:29
1366321981,1366322082,u1,101,2013-04-18 21:53:01
1366322312,1366322524,u1,212,2013-04-18 21:58:32
1366322534,1366323018,u1,484,2013-04-18 22:02:14
1366323269,1366323379,u1,110,2013-04-18 22:14:29
1366323630,1366325619,u1,1989,2013-04-18 22:20:30
1366325839,1366330559,u1,4720,2013-04-18 22:57:19
1366330800,1366335178,u1,4378,2013-04-19 00:20:00
1366335208,1366335571,u1,363,2013-04-19 01:33:28
1366335791,1366335973,u1,182,2013-04-19 01:43:11
1366336203,1366340581,u1,4378,2013-04-19 01:50:03
1366341323,1366341444,u1,121,2013-04-19 03:15:23
1366341705,1366343097,u1,1392,2013-04-19 03:21:45
1366343317,1366343610,u1,293,2013-04-19 03:48:37
1366343630,1366343761,u1,131,2013-04-19 03:53:50
1366343981,1366344032,u1,51,2013-04-19 03:59:41
1366344272,1366344474,u1,202,2013-04-19 04:04:32
1366344694,1366344886,u1,192,2013-04-19 04:11:34
1366346310,1366346380,u1,70,2013-04-19 04:38:30
1366346591,1366346863,u1,272,2013-04-19 04:43:11
1366346863,1366347370,u1,507,2013-04-19 04:47:43
1366347630,1366347771,u1,141,2013-04-19 05:00:30
1366348473,1366348584,u1,111,2013-04-19 05:14:33
1366380323,1366382986,u1,2663,2013-04-19 14:05:23
1366383186,1366384044,u1,858,2013-04-19 14:53:06
1366384745,1366389355,u1,4610,2013-04-19 15:19:05
1366389375,1366389819,u1,444,2013-04-19 16:36:15
1366390029,1366390725,u1,696,2013-04-19 16:47:09
1366390956,1366392287,u1,1331,2013-04-19 17:02:36
1366392497,1366392648,u1,151,2013-04-19 17:28:17
1366392869,1366393323,u1,454,2013-04-19 17:34:29
1366393363,1366393545,u1,182,2013-04-19 17:42:43
1366393755,1366395984,u1,2229,2013-04-19 17:49:15
1366396004,1366396882,u1,878,2013-04-19 18:26:44
1366397132,1366397939,u1,807,2013-04-19 18:45:32
1366398129,1366399885,u1,1756,2013-04-19 19:02:09
1366399895,1366400470,u1,575,2013-04-19 19:31:35
1366400490,1366400651,u1,161,2013-04-19 19:41:30
1366400661,1366400802,u1,141,2013-04-19 19:44:21
1366402227,1366402297,u1,70,2013-04-19 20:10:27
1366403239,1366403542,u1,303,2013-04-19 20:27:19
1366404294,1366404576,u1,282,2013-04-19 20:44:54
1366404807,1366405089,u1,282,2013-04-19 20:53:27
1366405340,1366405410,u1,70,2013-04-19 21:02:20
1366405651,1366408031,u1,2380,2013-04-19 21:07:31
1366408051,1366414547,u1,6496,2013-04-19 21:47:31
1366415008,1366417601,u1,2593,2013-04-19 23:43:28
1366418553,1366418624,u1,71,2013-04-20 00:42:33
1366419095,1366419327,u1,232,2013-04-20 00:51:35
1366419327,1366419559,u1,232,2013-04-20 00:55:27
1366420050,1366420565,u1,515,2013-04-20 01:07:30
1366420786,1366420836,u1,50,2013-04-20 01:19:46
1366420866,1366421098,u1,232,2013-04-20 01:21:06
1366422271,1366422372,u1,101,2013-04-20 01:44:31
1366422602,1366422663,u1,61,2013-04-20 01:50:02
1366422884,1366422974,u1,90,2013-04-20 01:54:44
1366424167,1366424248,u1,81,2013-04-20 02:16:07
1366426213,1366426556,u1,343,2013-04-20 02:50:13
1366426807,1366426938,u1,131,2013-04-20 03:00:07
1366427138,1366427259,u1,121,2013-04-20 03:05:38
1366427269,1366428076,u1,807,2013-04-20 03:07:49
1366428277,1366429578,u1,1301,2013-04-20 03:24:37
1366429779,1366430232,u1,453,2013-04-20 03:49:39
1366430453,1366430534,u1,81,2013-04-20 04:00:53
1366433160,1366433271,u1,111,2013-04-20 04:46:00
1366433511,1366433582,u1,71,2013-04-20 04:51:51
1366434065,1366434620,u1,555,2013-04-20 05:01:05
1366439873,1366439964,u1,91,2013-04-20 06:37:53
1366462319,1366462369,u1,50,2013-04-20 12:51:59
1366462589,1366462670,u1,81,2013-04-20 12:56:29
1366466990,1366467898,u1,908,2013-04-20 14:09:50
1366468119,1366468683,u1,564,2013-04-20 14:28:39
1366468904,1366469761,u1,857,2013-04-20 14:41:44
1366469992,1366470466,u1,474,2013-04-20 14:59:52
1366470486,1366470718,u1,232,2013-04-20 15:08:06
1366470948,1366471685,u1,737,2013-04-20 15:15:48
1366472156,1366472287,u1,131,2013-04-20 15:35:56
1366472988,1366473574,u1,586,2013-04-20 15:49:48
1366474566,1366474647,u1,81,2013-04-20 16:16:06
1366474677,1366474858,u1,181,2013-04-20 16:17:57
1366476062,1366476112,u1,50,2013-04-20 16:41:02
1366476132,1366477201,u1,1069,2013-04-20 16:42:12
1366478895,1366478986,u1,91,2013-04-20 17:28:15
1366479217,1366479459,u1,242,2013-04-20 17:33:37
1366479479,1366480346,u1,867,2013-04-20 17:37:59
1366480557,1366481071,u1,514,2013-04-20 17:55:57
1366494044,1366494538,u1,494,2013-04-20 21:40:44
1366494758,1366495152,u1,394,2013-04-20 21:52:38
1366495362,1366497833,u1,2471,2013-04-20 22:02:42
1366511277,1366512941,u1,1664,2013-04-21 02:27:57
1366513152,1366514170,u1,1018,2013-04-21 02:59:12
1366514401,1366518734,u1,4333,2013-04-21 03:20:01
1366518975,1366520185,u1,1210,2013-04-21 04:36:15
1366521869,1366523119,u1,1250,2013-04-21 05:24:29
1366523360,1366523612,u1,252,2013-04-21 05:49:20
1366549570,1366549832,u1,262,2013-04-21 13:06:10
1366550543,1366550725,u1,182,2013-04-21 13:22:23
1366551436,1366551739,u1,303,2013-04-21 13:37:16
1366551749,1366551830,u1,81,2013-04-21 13:42:29
1366552111,1366552554,u1,443,2013-04-21 13:48:31
1366552825,1366552926,u1,101,2013-04-21 14:00:25
1366553167,1366553570,u1,403,2013-04-21 14:06:07
1366553821,1366553921,u1,100,2013-04-21 14:17:01
1366554122,1366554243,u1,121,2013-04-21 14:22:02
1366554253,1366554333,u1,80,2013-04-21 14:24:13
1366554564,1366554756,u1,192,2013-04-21 14:29:24
1366554987,1366555289,u1,302,2013-04-21 14:36:27
1366555740,1366555952,u1,212,2013-04-21 14:49:00
1366556182,1366556374,u1,192,2013-04-21 14:56:22
1366557066,1366557257,u1,191,2013-04-21 15:11:06
1366557498,1366557790,u1,292,2013-04-21 15:18:18
1366558021,1366558313,u1,292,2013-04-21 15:27:01
1366558564,1366558624,u1,60,2013-04-21 15:36:04
1366559837,1366560039,u1,202,2013-04-21 15:57:17
1366560249,1366560330,u1,81,2013-04-21 16:04:09
1366560791,1366561729,u1,938,2013-04-21 16:13:11
1366563843,1366564257,u1,414,2013-04-21 17:04:03
1366564518,1366564669,u1,151,2013-04-21 17:15:18
1366564899,1366564990,u1,91,2013-04-21 17:21:39
1366565251,1366565604,u1,353,2013-04-21 17:27:31
1366565624,1366565755,u1,131,2013-04-21 17:33:44
1366566206,1366566670,u1,464,2013-04-21 17:43:26
1366566910,1366567929,u1,1019,2013-04-21 17:55:10
1366568200,1366568714,u1,514,2013-04-21 18:16:40
1366568724,1366569027,u1,303,2013-04-21 18:25:24
1366569037,1366569107,u1,70,2013-04-21 18:30:37
1366569318,1366570699,u1,1381,2013-04-21 18:35:18
1366570710,1366570941,u1,231,2013-04-21 18:58:30
1366570952,1366571133,u1,181,2013-04-21 19:02:32
1366571353,1366571948,u1,595,2013-04-21 19:09:13
1366572189,1366572754,u1,565,2013-04-21 19:23:09
1366573235,1366573387,u1,152,2013-04-21 19:40:35
1366573648,1366573829,u1,181,2013-04-21 19:47:28
1366573839,1366573910,u1,71,2013-04-21 19:50:39
1366574140,1366574201,u1,61,2013-04-21 19:55:40
1366574672,1366575257,u1,585,2013-04-21 20:04:32
1366575748,1366575849,u1,101,2013-04-21 20:22:28
1366577092,1366577243,u1,151,2013-04-21 20:44:52
1366578225,1366578306,u1,81,2013-04-21 21:03:45
1366580932,1366581174,u1,242,2013-04-21 21:48:52
1366581384,1366581455,u1,71,2013-04-21 21:56:24
1366581918,1366583552,u1,1634,2013-04-21 22:05:18
1366583803,1366584538,u1,735,2013-04-21 22:36:43
1366584749,1366585102,u1,353,2013-04-21 22:52:29
1366585112,1366585182,u1,70,2013-04-21 22:58:32
1366585403,1366587379,u1,1976,2013-04-21 23:03:23
1366587639,1366587821,u1,182,2013-04-21 23:40:39
1366588062,1366588152,u1,90,2013-04-21 23:47:42
1366588353,1366588433,u1,80,2013-04-21 23:52:33
1366590570,1366590953,u1,383,2013-04-22 00:29:30
1366591193,1366591264,u1,71,2013-04-22 00:39:53
1366591504,1366592573,u1,1069,2013-04-22 00:45:04
1366598578,1366599223,u1,645,2013-04-22 02:42:58
1366599959,1366600303,u1,344,2013-04-22 03:05:59
1366600544,1366600775,u1,231,2013-04-22 03:15:44
1366601036,1366601571,u1,535,2013-04-22 03:23:56
1366601812,1366601893,u1,81,2013-04-22 03:36:52
1366602133,1366602799,u1,666,2013-04-22 03:42:13
1366603029,1366603301,u1,272,2013-04-22 03:57:09
1366603332,1366604068,u1,736,2013-04-22 04:02:12
1366604258,1366604702,u1,444,2013-04-22 04:17:38
1366604932,1366605628,u1,696,2013-04-22 04:28:52
1366605839,1366607725,u1,1886,2013-04-22 04:43:59
1366607965,1366608419,u1,454,2013-04-22 05:19:25
1366608670,1366608770,u1,100,2013-04-22 05:31:10
1366638121,1366638383,u1,262,2013-04-22 13:42:01
1366639085,1366639266,u1,181,2013-04-22 13:58:05
1366639717,1366643197,u1,3480,2013-04-22 14:08:37
1366643698,1366649819,u1,6121,2013-04-22 15:14:58
1366650530,1366650944,u1,414,2013-04-22 17:08:50
1366650964,1366651156,u1,192,2013-04-22 17:16:04
1366651627,1366651819,u1,192,2013-04-22 17:27:07
1366652290,1366652491,u1,201,2013-04-22 17:38:10
1366653674,1366653976,u1,302,2013-04-22 18:01:14
1366654207,1366654449,u1,242,2013-04-22 18:10:07
1366654710,1366655376,u1,666,2013-04-22 18:18:30
1366655596,1366655878,u1,282,2013-04-22 18:33:16
1366655898,1366656080,u1,182,2013-04-22 18:38:18
1366656311,1366656764,u1,453,2013-04-22 18:45:11
1366656975,1366657186,u1,211,2013-04-22 18:56:15
1366658179,1366658855,u1,676,2013-04-22 19:16:19
1366659085,1366659630,u1,545,2013-04-22 19:31:25
1366660822,1366661297,u1,475,2013-04-22 20:00:22
1366661778,1366662213,u1,435,2013-04-22 20:16:18
1366662424,1366662645,u1,221,2013-04-22 20:27:04
1366662876,1366662916,u1,40,2013-04-22 20:34:36
1366663167,1366663288,u1,121,2013-04-22 20:39:27
1366663508,1366663690,u1,182,2013-04-22 20:45:08
1366663950,1366664041,u1,91,2013-04-22 20:52:30
1366665014,1366665518,u1,504,2013-04-22 21:10:14
1366665989,1366666281,u1,292,2013-04-22 21:26:29
1366666512,1366667009,u1,497,2013-04-22 21:35:12
1366667229,1366667491,u1,262,2013-04-22 21:47:09
1366667722,1366667944,u1,222,2013-04-22 21:55:22
1366668205,1366668436,u1,231,2013-04-22 22:03:25
1366669172,1366670543,u1,1371,2013-04-22 22:19:32
1366670773,1366671388,u1,615,2013-04-22 22:46:13
1366671619,1366672628,u1,1009,2013-04-22 23:00:19
1366672668,1366672759,u1,91,2013-04-22 23:17:48
1366673002,1366674293,u1,1291,2013-04-22 23:23:22
1366674493,1366674998,u1,505,2013-04-22 23:48:13
1366675228,1366675591,u1,363,2013-04-23 00:00:28
1366675602,1366675813,u1,211,2013-04-23 00:06:42
1366676074,1366677581,u1,1507,2013-04-23 00:14:34
1366677822,1366680363,u1,2541,2013-04-23 00:43:42
1366680384,1366680434,u1,50,2013-04-23 01:26:24
1366680945,1366682065,u1,1120,2013-04-23 01:35:45
1366682085,1366682741,u1,656,2013-04-23 01:54:45
1366682971,1366683465,u1,494,2013-04-23 02:09:31
1366683936,1366684541,u1,605,2013-04-23 02:25:36
1366684752,1366685034,u1,282,2013-04-23 02:39:12
1366685475,1366685778,u1,303,2013-04-23 02:51:15
1366686269,1366686602,u1,333,2013-04-23 03:04:29
1366686802,1366687559,u1,757,2013-04-23 03:13:22
1366687769,1366688485,u1,716,2013-04-23 03:29:29
1366688726,1366689905,u1,1179,2013-04-23 03:45:26
1366690096,1366691932,u1,1836,2013-04-23 04:08:16
1366691942,1366694524,u1,2582,2013-04-23 04:39:02
1366694764,1366694865,u1,101,2013-04-23 05:26:04
1366695106,1366695156,u1,50,2013-04-23 05:31:46
1366695898,1366696060,u1,162,2013-04-23 05:44:58
1366697042,1366697143,u1,101,2013-04-23 06:04:02
1366735607,1366738319,u1,2712,2013-04-23 16:46:47
1366738540,1366739296,u1,756,2013-04-23 17:35:40
1366739507,1366740990,u1,1483,2013-04-23 17:51:47
1366762637,1366763968,u1,1331,2013-04-24 00:17:17
1366764911,1366766888,u1,1977,2013-04-24 00:55:11
1366767158,1366767239,u1,81,2013-04-24 01:32:38
1366767480,1366767904,u1,424,2013-04-24 01:38:00
1366768395,1366769262,u1,867,2013-04-24 01:53:15
1366784435,1366784495,u1,60,2013-04-24 06:20:35
1366820317,1366820458,u1,141,2013-04-24 16:18:37
1366820719,1366820799,u1,80,2013-04-24 16:25:19
1366821040,1366821110,u1,70,2013-04-24 16:30:40
1366821562,1366821844,u1,282,2013-04-24 16:39:22
1366822325,1366823687,u1,1362,2013-04-24 16:52:05
1366823897,1366824482,u1,585,2013-04-24 17:18:17
1366824502,1366827135,u1,2633,2013-04-24 17:28:22
1366827406,1366828404,u1,998,2013-04-24 18:16:46
1366828425,1366828495,u1,70,2013-04-24 18:33:45
1366828685,1366829240,u1,555,2013-04-24 18:38:05
1366829962,1366830154,u1,192,2013-04-24 18:59:22
1366830374,1366831685,u1,1311,2013-04-24 19:06:14
1366832177,1366832872,u1,695,2013-04-24 19:36:17
1366833564,1366835056,u1,1492,2013-04-24 19:59:24
1366835327,1366836457,u1,1130,2013-04-24 20:28:47
1366836698,1366837393,u1,695,2013-04-24 20:51:38
1366837414,1366838029,u1,615,2013-04-24 21:03:34
1366843062,1366843234,u1,172,2013-04-24 22:37:42
1366843725,1366844088,u1,363,2013-04-24 22:48:45
1366844819,1366845183,u1,364,2013-04-24 23:06:59
1366845403,1366845968,u1,565,2013-04-24 23:16:43
1366846178,1366846572,u1,394,2013-04-24 23:29:38
1366846782,1366846843,u1,61,2013-04-24 23:39:42
1366847344,1366847838,u1,494,2013-04-24 23:49:04
1366848049,1366848341,u1,292,2013-04-25 00:00:49
1366848592,1366848955,u1,363,2013-04-25 00:09:52
1366848966,1366849066,u1,100,2013-04-25 00:16:06
1366849297,1366850154,u1,857,2013-04-25 00:21:37
1366850625,1366851180,u1,555,2013-04-25 00:43:45
1366851661,1366851742,u1,81,2013-04-25 01:01:01
1366852925,1366853137,u1,212,2013-04-25 01:22:05
1366853618,1366854445,u1,827,2013-04-25 01:33:38
1366854666,1366855584,u1,918,2013-04-25 01:51:06
1366855774,1366856923,u1,1149,2013-04-25 02:09:34
1366856923,1366857256,u1,333,2013-04-25 02:28:43
1366857466,1366862671,u1,5205,2013-04-25 02:37:46
1366863352,1366865602,u1,2250,2013-04-25 04:15:52
1366865842,1366866779,u1,937,2013-04-25 04:57:22
1366866801,1366866960,u1,159,2013-04-25 05:13:21
1366867211,1366868108,u1,897,2013-04-25 05:20:11
1366868118,1366871567,u1,3449,2013-04-25 05:35:18
1366871838,1366872060,u1,222,2013-04-25 06:37:18
1366872070,1366872363,u1,293,2013-04-25 06:41:10
1366872373,1366872756,u1,383,2013-04-25 06:46:13
1366872967,1366873453,u1,486,2013-04-25 06:56:07
1366873683,1366873966,u1,283,2013-04-25 07:08:03
1366874247,1366874418,u1,171,2013-04-25 07:17:27
1366874658,1366874840,u1,182,2013-04-25 07:24:18
1366875081,1366875151,u1,70,2013-04-25 07:31:21
1366875372,1366875533,u1,161,2013-04-25 07:36:12
1366876767,1366876918,u1,151,2013-04-25 07:59:27
1366878632,1366878743,u1,111,2013-04-25 08:30:32
1366880188,1366880299,u1,111,2013-04-25 08:56:28
1366881993,1366882134,u1,141,2013-04-25 09:26:33
1366883127,1366883410,u1,283,2013-04-25 09:45:27
1366883660,1366883852,u1,192,2013-04-25 09:54:20
1366884093,1366884203,u1,110,2013-04-25 10:01:33
1366884925,1366885147,u1,222,2013-04-25 10:15:25
1366885408,1366885629,u1,221,2013-04-25 10:23:28
1366885900,1366886122,u1,222,2013-04-25 10:31:40
1366886373,1366886463,u1,90,2013-04-25 10:39:33
1366887457,1366887629,u1,172,2013-04-25 10:57:37
1366888120,1366888191,u1,71,2013-04-25 11:08:40
1366888421,1366888623,u1,202,2013-04-25 11:13:41
1366888894,1366889105,u1,211,2013-04-25 11:21:34
1366889617,1366889768,u1,151,2013-04-25 11:33:37
1366892445,1366892587,u1,142,2013-04-25 12:20:45
1366893349,1366893470,u1,121,2013-04-25 12:35:49
1366893701,1366893862,u1,161,2013-04-25 12:41:41
1366894113,1366894294,u1,181,2013-04-25 12:48:33
1366894786,1366894907,u1,121,2013-04-25 12:59:46
1366895389,1366895570,u1,181,2013-04-25 13:09:49
1366896051,1366896172,u1,121,2013-04-25 13:20:51
1366896403,1366896594,u1,191,2013-04-25 13:26:43
1366896825,1366897027,u1,202,2013-04-25 13:33:45
1366897979,1366898110,u1,131,2013-04-25 13:52:59
1366899103,1366899265,u1,162,2013-04-25 14:11:43
1366899525,1366899757,u1,232,2013-04-25 14:18:45
1366900008,1366900139,u1,131,2013-04-25 14:26:48
1366900360,1366900582,u1,222,2013-04-25 14:32:40
1366900843,1366901004,u1,161,2013-04-25 14:40:43
1366908943,1366911313,u1,2370,2013-04-25 16:55:43
1366911533,1366912512,u1,979,2013-04-25 17:38:53
1366912733,1366914195,u1,1462,2013-04-25 17:58:53
1366914646,1366914959,u1,313,2013-04-25 18:30:46
1366915450,1366916277,u1,827,2013-04-25 18:44:10
1366916528,1366917224,u1,696,2013-04-25 19:02:08
1366917244,1366917314,u1,70,2013-04-25 19:14:04
1366917796,1366917927,u1,131,2013-04-25 19:23:16
1366918619,1366918842,u1,223,2013-04-25 19:36:59
1366918883,1366919105,u1,222,2013-04-25 19:41:23
1366919345,1366920374,u1,1029,2013-04-25 19:49:05
1366920595,1366920988,u1,393,2013-04-25 20:09:55
1366921219,1366921450,u1,231,2013-04-25 20:20:19
1366922884,1366922964,u1,80,2013-04-25 20:48:04
1366925340,1366926742,u1,1402,2013-04-25 21:29:00
1366926952,1366927385,u1,433,2013-04-25 21:55:52
1366927857,1366928441,u1,584,2013-04-25 22:10:57
1366928641,1366929025,u1,384,2013-04-25 22:24:01
1366929265,1366930062,u1,797,2013-04-25 22:34:25
1366931004,1366931770,u1,766,2013-04-25 23:03:24
1366932001,1366935108,u1,3107,2013-04-25 23:20:01
1366935298,1366935803,u1,505,2013-04-26 00:14:58
1366936053,1366937163,u1,1110,2013-04-26 00:27:33
1366937174,1366938978,u1,1804,2013-04-26 00:46:14
1366939209,1366940268,u1,1059,2013-04-26 01:20:09
1366940468,1366941103,u1,635,2013-04-26 01:41:08
1366941574,1366947280,u1,5706,2013-04-26 01:59:34
1366948452,1366949289,u1,837,2013-04-26 03:54:12
1366949299,1366949541,u1,242,2013-04-26 04:08:19
1366949551,1366949641,u1,90,2013-04-26 04:12:31
1366951035,1366951105,u1,70,2013-04-26 04:37:15
1366952789,1366952860,u1,71,2013-04-26 05:06:29
1366953100,1366953191,u1,91,2013-04-26 05:11:40
1366953442,1366953623,u1,181,2013-04-26 05:17:22
1366954365,1366954436,u1,71,2013-04-26 05:32:45
1366954897,1366954978,u1,81,2013-04-26 05:41:37
1366955449,1366955489,u1,40,2013-04-26 05:50:49
1366955519,1366956860,u1,1341,2013-04-26 05:51:59
1366957121,1366957282,u1,161,2013-04-26 06:18:41
1366972449,1366972540,u1,91,2013-04-26 10:34:09
1366972811,1366972982,u1,171,2013-04-26 10:40:11
1366976110,1366976281,u1,171,2013-04-26 11:35:10
1366978687,1366978828,u1,141,2013-04-26 12:18:07
1366979049,1366979109,u1,60,2013-04-26 12:24:09
1366979350,1366979471,u1,121,2013-04-26 12:29:10
1366979711,1366979822,u1,111,2013-04-26 12:35:11
1366981719,1366981800,u1,81,2013-04-26 13:08:39
1366984675,1366984887,u1,212,2013-04-26 13:57:55
1366985087,1366987744,u1,2657,2013-04-26 14:04:47
1366989672,1366990206,u1,534,2013-04-26 15:21:12
1366990217,1366991830,u1,1613,2013-04-26 15:30:17
1366992050,1366992958,u1,908,2013-04-26 16:00:50
1366993198,1366994771,u1,1573,2013-04-26 16:19:58
1366995022,1366995203,u1,181,2013-04-26 16:50:22
1366996657,1366996768,u1,111,2013-04-26 17:17:37
1366996998,1366997694,u1,696,2013-04-26 17:23:18
1366997965,1366998126,u1,161,2013-04-26 17:39:25
1366998858,1367000573,u1,1715,2013-04-26 17:54:18
1367001034,1367001145,u1,111,2013-04-26 18:30:34
1367001376,1367002899,u1,1523,2013-04-26 18:36:16
1367003139,1367003260,u1,121,2013-04-26 19:05:39
1367003481,1367003713,u1,232,2013-04-26 19:11:21
1367003733,1367004015,u1,282,2013-04-26 19:15:33
1367004246,1367005143,u1,897,2013-04-26 19:24:06
1367006366,1367006669,u1,303,2013-04-26 19:59:26
1367006910,1367007495,u1,585,2013-04-26 20:08:30
1367007505,1367007868,u1,363,2013-04-26 20:18:25
1367007888,1367008170,u1,282,2013-04-26 20:24:48
1367008401,1367008583,u1,182,2013-04-26 20:33:21
1367008824,1367008874,u1,50,2013-04-26 20:40:24
1367009115,1367009205,u1,90,2013-04-26 20:45:15
1367009426,1367010353,u1,927,2013-04-26 20:50:26
1367010795,1367011027,u1,232,2013-04-26 21:13:15
1367011047,1367011400,u1,353,2013-04-26 21:17:27
1367011661,1367011882,u1,221,2013-04-26 21:27:41
1367012604,1367013522,u1,918,2013-04-26 21:43:24
1367015918,1367016543,u1,625,2013-04-26 22:38:38
1367016753,1367016985,u1,232,2013-04-26 22:52:33
1367018198,1367018350,u1,152,2013-04-26 23:16:38
1367018550,1367018792,u1,242,2013-04-26 23:22:30
1367019293,1367020564,u1,1271,2013-04-26 23:34:53
1367020774,1367022418,u1,1644,2013-04-26 23:59:34
1367022639,1367023596,u1,957,2013-04-27 00:30:39
1367024068,1367024492,u1,424,2013-04-27 00:54:28
1367024732,1367024964,u1,232,2013-04-27 01:05:32
1367025225,1367025477,u1,252,2013-04-27 01:13:45
1367025722,1367027680,u1,1958,2013-04-27 01:22:02
1367027710,1367029142,u1,1432,2013-04-27 01:55:10
1367029353,1367029615,u1,262,2013-04-27 02:22:33
1367030337,1367031907,u1,1570,2013-04-27 02:38:57
1367032128,1367032481,u1,353,2013-04-27 03:08:48
1367032501,1367032581,u1,80,2013-04-27 03:15:01
1367033534,1367034502,u1,968,2013-04-27 03:32:14
1367034712,1367034773,u1,61,2013-04-27 03:51:52
1367035494,1367035636,u1,142,2013-04-27 04:04:54
1367036097,1367037549,u1,1452,2013-04-27 04:14:57
1367037759,1367038263,u1,504,2013-04-27 04:42:39
1367038494,1367038675,u1,181,2013-04-27 04:54:54
1367039628,1367039801,u1,173,2013-04-27 05:13:48
1367040062,1367040606,u1,544,2013-04-27 05:21:02
1367040867,1367041089,u1,222,2013-04-27 05:34:27
1367041329,1367041430,u1,101,2013-04-27 05:42:09
1367043626,1367043686,u1,60,2013-04-27 06:20:26
1367046313,1367046404,u1,91,2013-04-27 07:05:13
1367052881,1367052951,u1,70,2013-04-27 08:54:41
1367060383,1367060534,u1,151,2013-04-27 10:59:43
1367060805,1367060875,u1,70,2013-04-27 11:06:45
1367061096,1367061166,u1,70,2013-04-27 11:11:36
1367061407,1367061508,u1,101,2013-04-27 11:16:47
1367061999,1367062141,u1,142,2013-04-27 11:26:39
1367062371,1367062522,u1,151,2013-04-27 11:32:51
1367062773,1367062924,u1,151,2013-04-27 11:39:33
1367063195,1367063407,u1,212,2013-04-27 11:46:35
1367064410,1367064571,u1,161,2013-04-27 12:06:50
1367065293,1367065484,u1,191,2013-04-27 12:21:33
1367065715,1367065816,u1,101,2013-04-27 12:28:35
1367066318,1367066533,u1,215,2013-04-27 12:38:38
1367066805,1367067006,u1,201,2013-04-27 12:46:45
1367067478,1367067629,u1,151,2013-04-27 12:57:58
1367067890,1367068051,u1,161,2013-04-27 13:04:50
1367068302,1367068373,u1,71,2013-04-27 13:11:42
1367069088,1367069188,u1,100,2013-04-27 13:24:48
1367070171,1367070302,u1,131,2013-04-27 13:42:51
1367070763,1367070834,u1,71,2013-04-27 13:52:43
1367071777,1367072757,u1,980,2013-04-27 14:09:37
1367073700,1367073821,u1,121,2013-04-27 14:41:40
1367074312,1367074372,u1,60,2013-04-27 14:51:52
1367074834,1367075822,u1,988,2013-04-27 15:00:34
1367076042,1367076576,u1,534,2013-04-27 15:20:42
1367076817,1367078320,u1,1503,2013-04-27 15:33:37
1367078340,1367079287,u1,947,2013-04-27 15:59:00
1367079298,1367079782,u1,484,2013-04-27 16:14:58
1367080012,1367080829,u1,817,2013-04-27 16:26:52
1367080849,1367083501,u1,2652,2013-04-27 16:40:49
1367083721,1367084457,u1,736,2013-04-27 17:28:41
1367084919,1367085131,u1,212,2013-04-27 17:48:39
1367085592,1367085944,u1,352,2013-04-27 17:59:52
1367086195,1367086528,u1,333,2013-04-27 18:09:55
1367086718,1367087444,u1,726,2013-04-27 18:18:38
1367087685,1367087886,u1,201,2013-04-27 18:34:45
1367089320,1367090147,u1,827,2013-04-27 19:02:00
1367090628,1367090709,u1,81,2013-04-27 19:23:48
1367090959,1367091665,u1,706,2013-04-27 19:29:19
1367091896,1367092833,u1,937,2013-04-27 19:44:56
1367093294,1367093607,u1,313,2013-04-27 20:08:14
1367093837,1367094029,u1,192,2013-04-27 20:17:17
1367094470,1367094873,u1,403,2013-04-27 20:27:50
1367096046,1367096177,u1,131,2013-04-27 20:54:06
1367096408,1367096710,u1,302,2013-04-27 21:00:08
1367096951,1367097051,u1,100,2013-04-27 21:09:11
1367097543,1367097674,u1,131,2013-04-27 21:19:03
1367097894,1367098509,u1,615,2013-04-27 21:24:54
1367098750,1367099630,u1,880,2013-04-27 21:39:10
1367099650,1367099701,u1,51,2013-04-27 21:54:10
1367099942,1367100275,u1,333,2013-04-27 21:59:02
1367100475,1367103965,u1,3490,2013-04-27 22:07:55
1367104205,1367104387,u1,182,2013-04-27 23:10:05
1367104888,1367104939,u1,51,2013-04-27 23:21:28
1367106864,1367106944,u1,80,2013-04-27 23:54:24
1367107636,1367107737,u1,101,2013-04-28 00:07:16
1367109681,1367109802,u1,121,2013-04-28 00:41:21
1367109823,1367109883,u1,60,2013-04-28 00:43:43
1367111528,1367111991,u1,463,2013-04-28 01:12:08
1367112192,1367113795,u1,1603,2013-04-28 01:23:12
1367114016,1367114893,u1,877,2013-04-28 01:53:36
1367114923,1367115387,u1,464,2013-04-28 02:08:43
1367115608,1367117231,u1,1623,2013-04-28 02:20:08
1367117503,1367117684,u1,181,2013-04-28 02:51:43
1367118146,1367119144,u1,998,2013-04-28 03:02:26
1367119405,1367119697,u1,292,2013-04-28 03:23:25
1367119707,1367120443,u1,736,2013-04-28 03:28:27
1367121396,1367122364,u1,968,2013-04-28 03:56:36
1367122595,1367122998,u1,403,2013-04-28 04:16:35
1367123029,1367125036,u1,2007,2013-04-28 04:23:49
1367125056,1367125278,u1,222,2013-04-28 04:57:36
1367126753,1367127126,u1,373,2013-04-28 05:25:53
1367169617,1367169718,u1,101,2013-04-28 17:20:17
1367170881,1367171241,u1,360,2013-04-28 17:41:21
1367171271,1367171850,u1,579,2013-04-28 17:47:51
1367171880,1367172596,u1,716,2013-04-28 17:58:00
1367172837,1367174115,u1,1278,2013-04-28 18:13:57
1367174325,1367174900,u1,575,2013-04-28 18:38:45
1367175100,1367175836,u1,736,2013-04-28 18:51:40
1367175847,1367175907,u1,60,2013-04-28 19:04:07
1367176118,1367177146,u1,1028,2013-04-28 19:08:38
1367177397,1367180489,u1,3092,2013-04-28 19:29:57
1367180740,1367184723,u1,3983,2013-04-28 20:25:40
1367184954,1367186285,u1,1331,2013-04-28 21:35:54
1367186496,1367187716,u1,1220,2013-04-28 22:01:36
1367187946,1367188834,u1,888,2013-04-28 22:25:46
1367189085,1367189992,u1,907,2013-04-28 22:44:45
1367190243,1367191857,u1,1614,2013-04-28 23:04:03
1367192087,1367193207,u1,1120,2013-04-28 23:34:47
1367193407,1367194133,u1,726,2013-04-28 23:56:47
1367194143,1367194244,u1,101,2013-04-29 00:09:03
1367194505,1367195665,u1,1160,2013-04-29 00:15:05
1367195885,1367197307,u1,1422,2013-04-29 00:38:05
1367200206,1367200341,u1,135,2013-04-29 01:50:06
1367528423,1367529553,u1,1130,2013-05-02 21:00:23
1367529783,1367530752,u1,969,2013-05-02 21:23:03
1367543015,1367543166,u1,151,2013-05-03 01:03:35
1367543437,1367550002,u1,6565,2013-05-03 01:10:37
1367550233,1367551050,u1,817,2013-05-03 03:03:53
1367551060,1367551131,u1,71,2013-05-03 03:17:40
1367551612,1367553034,u1,1422,2013-05-03 03:26:52
1367553295,1367554626,u1,1331,2013-05-03 03:54:55
1367554847,1367555502,u1,655,2013-05-03 04:20:47
1367555732,1367556136,u1,404,2013-05-03 04:35:32
1367556146,1367556297,u1,151,2013-05-03 04:42:26
1367556768,1367556889,u1,121,2013-05-03 04:52:48
1367557120,1367557321,u1,201,2013-05-03 04:58:40
1367557552,1367557592,u1,40,2013-05-03 05:05:52
1367557853,1367557984,u1,131,2013-05-03 05:10:53
1367558184,1367558345,u1,161,2013-05-03 05:16:24
1367558546,1367558798,u1,252,2013-05-03 05:22:26
1367559270,1367560167,u1,897,2013-05-03 05:34:30
1367560898,1367561241,u1,343,2013-05-03 06:01:38
1367561261,1367561332,u1,71,2013-05-03 06:07:41
1367561573,1367561744,u1,171,2013-05-03 06:12:53
1367562215,1367562417,u1,202,2013-05-03 06:23:35
1367562638,1367562850,u1,212,2013-05-03 06:30:38
1367563070,1367563292,u1,222,2013-05-03 06:37:50
1367563543,1367563765,u1,222,2013-05-03 06:45:43
1367565719,1367565769,u1,50,2013-05-03 07:21:59
1367566030,1367566212,u1,182,2013-05-03 07:27:10
1367567164,1367567285,u1,121,2013-05-03 07:46:04
1367574735,1367574805,u1,70,2013-05-03 09:52:15
1367583699,1367583971,u1,272,2013-05-03 12:21:39
1367584242,1367584383,u1,141,2013-05-03 12:30:42
1367584654,1367584845,u1,191,2013-05-03 12:37:34
1367592975,1367593560,u1,585,2013-05-03 14:56:15
1367593791,1367597896,u1,4105,2013-05-03 15:09:51
1367598387,1367598770,u1,383,2013-05-03 16:26:27
1367600447,1367600729,u1,282,2013-05-03 17:00:47
1367601451,1367601713,u1,262,2013-05-03 17:17:31
1367601944,1367602237,u1,293,2013-05-03 17:25:44
1367602257,1367602328,u1,71,2013-05-03 17:30:57
1367602538,1367602770,u1,232,2013-05-03 17:35:38
1367603271,1367603543,u1,272,2013-05-03 17:47:51
1367603794,1367604096,u1,302,2013-05-03 17:56:34
1367604598,1367604659,u1,61,2013-05-03 18:09:58
1367605140,1367605271,u1,131,2013-05-03 18:19:00
1367606193,1367607454,u1,1261,2013-05-03 18:36:33
1367607935,1367608651,u1,716,2013-05-03 19:05:35
1367609393,1367610986,u1,1593,2013-05-03 19:29:53
1367611257,1367611459,u1,202,2013-05-03 20:00:57
1367612161,1367612312,u1,151,2013-05-03 20:16:01
1367613054,1367613609,u1,555,2013-05-03 20:30:54
1367614330,1367614431,u1,101,2013-05-03 20:52:10
1367615414,1367616312,u1,898,2013-05-03 21:10:14
1367616532,1367617026,u1,494,2013-05-03 21:28:52
1367617237,1367620091,u1,2854,2013-05-03 21:40:37
1367620302,1367621845,u1,1543,2013-05-03 22:31:42
1367622045,1367623366,u1,1321,2013-05-03 23:00:45
1367623597,1367626169,u1,2572,2013-05-03 23:26:37
1367626369,1367626540,u1,171,2013-05-04 00:12:49
1367626550,1367627327,u1,777,2013-05-04 00:15:50
1367627598,1367630784,u1,3186,2013-05-04 00:33:18
1367630984,1367631095,u1,111,2013-05-04 01:29:44
1367631305,1367632919,u1,1614,2013-05-04 01:35:05
1367633150,1367634592,u1,1442,2013-05-04 02:05:50
1367634843,1367635629,u1,786,2013-05-04 02:34:03
1367635870,1367640290,u1,4420,2013-05-04 02:51:10
1367640540,1367640843,u1,303,2013-05-04 04:09:00
1367641073,1367641215,u1,142,2013-05-04 04:17:53
1367641455,1367644625,u1,3170,2013-05-04 04:24:15
1367657138,1367657330,u1,192,2013-05-04 08:45:38
1367657550,1367657853,u1,303,2013-05-04 08:52:30
1367658083,1367658285,u1,202,2013-05-04 09:01:23
1367658766,1367658857,u1,91,2013-05-04 09:12:46
1367659348,1367659550,u1,202,2013-05-04 09:22:28
1367659791,1367659942,u1,151,2013-05-04 09:29:51
1367660454,1367660645,u1,191,2013-05-04 09:40:54
1367661588,1367661688,u1,100,2013-05-04 09:59:48
1367663634,1367663694,u1,60,2013-05-04 10:33:54
1367663925,1367664046,u1,121,2013-05-04 10:38:45
1367666443,1367666563,u1,120,2013-05-04 11:20:43
1367666804,1367667046,u1,242,2013-05-04 11:26:44
1367667287,1367667579,u1,292,2013-05-04 11:34:47
1367667850,1367668072,u1,222,2013-05-04 11:44:10
1367668323,1367668514,u1,191,2013-05-04 11:52:03
1367668735,1367668947,u1,212,2013-05-04 11:58:55
1367669468,1367669609,u1,141,2013-05-04 12:11:08
1367669891,1367669981,u1,90,2013-05-04 12:18:11
1367670252,1367670312,u1,60,2013-05-04 12:24:12
1367673882,1367674124,u1,242,2013-05-04 13:24:42
1367674154,1367674739,u1,585,2013-05-04 13:29:14
1367675221,1367675301,u1,80,2013-05-04 13:47:01
1367962589,1367964980,u1,2391,2013-05-07 21:36:29
1367965171,1367965302,u1,131,2013-05-07 22:19:31
1367965793,1367967471,u1,1678,2013-05-07 22:29:53
1367967952,1367969334,u1,1382,2013-05-07 23:05:52
1367970778,1367970919,u1,141,2013-05-07 23:52:58
1367971600,1367972871,u1,1271,2013-05-08 00:06:40
1367973101,1367973242,u1,141,2013-05-08 00:31:41
1367974656,1367975080,u1,424,2013-05-08 00:57:36
1367975321,1367979800,u1,4479,2013-05-08 01:08:41
1367980983,1367981255,u1,272,2013-05-08 02:43:03
1367981455,1367982515,u1,1060,2013-05-08 02:50:55
1367982715,1367983552,u1,837,2013-05-08 03:11:55
1367985978,1367986129,u1,151,2013-05-08 04:06:18
1367987373,1367987494,u1,121,2013-05-08 04:29:33
1367996361,1367996452,u1,91,2013-05-08 06:59:21
1367997625,1367997716,u1,91,2013-05-08 07:20:25
1367998417,1367998468,u1,51,2013-05-08 07:33:37
1368000885,1368000995,u1,110,2013-05-08 08:14:45
1368005583,1368005683,u1,100,2013-05-08 09:33:03
1368008581,1368008622,u1,41,2013-05-08 10:23:01
1368010336,1368010407,u1,71,2013-05-08 10:52:16
1368026052,1368026244,u1,192,2013-05-08 15:14:12
1368026494,1368029016,u1,2522,2013-05-08 15:21:34
1368029236,1368030204,u1,968,2013-05-08 16:07:16
1368031755,1368032078,u1,323,2013-05-08 16:49:15
1368032289,1368033958,u1,1669,2013-05-08 16:58:09
1368033958,1368036246,u1,2288,2013-05-08 17:25:58
1368036487,1368037730,u1,1243,2013-05-08 18:08:07
1368038202,1368038847,u1,645,2013-05-08 18:36:42
1368039098,1368039380,u1,282,2013-05-08 18:51:38
1368040102,1368042261,u1,2159,2013-05-08 19:08:22
1368042291,1368043300,u1,1009,2013-05-08 19:44:51
1368043520,1368045598,u1,2078,2013-05-08 20:05:20
1368045798,1368046665,u1,867,2013-05-08 20:43:18
1368046876,1368047672,u1,796,2013-05-08 21:01:16
1368048174,1368048648,u1,474,2013-05-08 21:22:54
1368048878,1368049322,u1,444,2013-05-08 21:34:38
1368049532,1368049633,u1,101,2013-05-08 21:45:32
1368049633,1368049895,u1,262,2013-05-08 21:47:13
1368051078,1368051491,u1,413,2013-05-08 22:11:18
1368051933,1368054397,u1,2464,2013-05-08 22:25:33
1368054407,1368055667,u1,1260,2013-05-08 23:06:47
1368055667,1368056293,u1,626,2013-05-08 23:27:47
1368056493,1368062196,u1,5703,2013-05-08 23:41:33
1368064832,1368066840,u1,2008,2013-05-09 02:00:32
1368067060,1368069823,u1,2763,2013-05-09 02:37:40
1368070064,1368070396,u1,332,2013-05-09 03:27:44
1368070607,1368071464,u1,857,2013-05-09 03:36:47
1368071685,1368072915,u1,1230,2013-05-09 03:54:45
1368073125,1368077133,u1,4008,2013-05-09 04:18:45
1368077324,1368080471,u1,3147,2013-05-09 05:28:44
1368080681,1368082688,u1,2007,2013-05-09 06:24:41
1368082908,1368083292,u1,384,2013-05-09 07:01:48
1368083513,1368083906,u1,393,2013-05-09 07:11:53
1368084106,1368084560,u1,454,2013-05-09 07:21:46
1368084770,1368085527,u1,757,2013-05-09 07:32:50
1368085727,1368086362,u1,635,2013-05-09 07:48:47
1368086573,1368087269,u1,696,2013-05-09 08:02:53
1368087469,1368087772,u1,303,2013-05-09 08:17:49
1368087802,1368088054,u1,252,2013-05-09 08:23:22
1368088265,1368088960,u1,695,2013-05-09 08:31:05
1368089151,1368089866,u1,715,2013-05-09 08:45:51
1368090117,1368090863,u1,746,2013-05-09 09:01:57
1368091084,1368092294,u1,1210,2013-05-09 09:18:04
1368092515,1368093150,u1,635,2013-05-09 09:41:55
1368093361,1368093996,u1,635,2013-05-09 09:56:01
1368094196,1368094750,u1,554,2013-05-09 10:09:56
1368094981,1368095537,u1,556,2013-05-09 10:23:01
1368095768,1368096589,u1,821,2013-05-09 10:36:08
1368096789,1368097717,u1,928,2013-05-09 10:53:09
1368097927,1368098643,u1,716,2013-05-09 11:12:07
1368098884,1368100560,u1,1676,2013-05-09 11:28:04
1368100811,1368101441,u1,630,2013-05-09 12:00:11
1368101642,1368102998,u1,1356,2013-05-09 12:14:02
1368103209,1368104046,u1,837,2013-05-09 12:40:09
1368104076,1368104237,u1,161,2013-05-09 12:54:36
1368104468,1368105234,u1,766,2013-05-09 13:01:08
1368105435,1368105606,u1,171,2013-05-09 13:17:15
1368106115,1368106316,u1,201,2013-05-09 13:28:35
1368106537,1368106668,u1,131,2013-05-09 13:35:37
1368106888,1368107100,u1,212,2013-05-09 13:41:28
1368107310,1368107552,u1,242,2013-05-09 13:48:30
1368107803,1368107975,u1,172,2013-05-09 13:56:43
1368108205,1368108397,u1,192,2013-05-09 14:03:25
1368108648,1368108738,u1,90,2013-05-09 14:10:48
1368116695,1368116916,u1,221,2013-05-09 16:24:55
1368118854,1368118954,u1,100,2013-05-09 17:00:54
1368119456,1368119657,u1,201,2013-05-09 17:10:56
1368120410,1368121256,u1,846,2013-05-09 17:26:50
1368121467,1368122657,u1,1190,2013-05-09 17:44:27
1368122928,1368123271,u1,343,2013-05-09 18:08:48
1368123752,1368124025,u1,273,2013-05-09 18:22:32
1368124235,1368124729,u1,494,2013-05-09 18:30:35
1368124960,1368125494,u1,534,2013-05-09 18:42:40
1368126446,1368127363,u1,917,2013-05-09 19:07:26
1368127594,1368129057,u1,1463,2013-05-09 19:26:34
1368130490,1368130642,u1,152,2013-05-09 20:14:50
1368131584,1368132461,u1,877,2013-05-09 20:33:04
1368133183,1368133475,u1,292,2013-05-09 20:59:43
1368133726,1368134614,u1,888,2013-05-09 21:08:46
1368137781,1368138054,u1,273,2013-05-09 22:16:21
1368139507,1368140021,u1,514,2013-05-09 22:45:07
1368140532,1368142096,u1,1564,2013-05-09 23:02:12
1368142306,1368142739,u1,433,2013-05-09 23:31:46
1368142980,1368143242,u1,262,2013-05-09 23:43:00
1368143713,1368143774,u1,61,2013-05-09 23:55:13
1368144475,1368145342,u1,867,2013-05-10 00:07:55
1368145583,1368146077,u1,494,2013-05-10 00:26:23
1368146278,1368147750,u1,1472,2013-05-10 00:37:58
1368147960,1368148263,u1,303,2013-05-10 01:06:00
1368148524,1368148635,u1,111,2013-05-10 01:15:24
1368150560,1368150832,u1,272,2013-05-10 01:49:20
1368150872,1368151074,u1,202,2013-05-10 01:54:32
1368151806,1368152179,u1,373,2013-05-10 02:10:06
1368166367,1368166498,u1,131,2013-05-10 06:12:47
1368168645,1368168725,u1,80,2013-05-10 06:50:45
1368171121,1368171192,u1,71,2013-05-10 07:32:01
1368178621,1368178732,u1,111,2013-05-10 09:37:01
1368179464,1368179534,u1,70,2013-05-10 09:51:04
1368187466,1368187587,u1,121,2013-05-10 12:04:26
1368188069,1368188159,u1,90,2013-05-10 12:14:29
1368188430,1368188513,u1,83,2013-05-10 12:20:30
1368189034,1368189075,u1,41,2013-05-10 12:30:34
1368194625,1368194695,u1,70,2013-05-10 14:03:45
1368194926,1368195047,u1,121,2013-05-10 14:08:46
1368195999,1368196110,u1,111,2013-05-10 14:26:39
1368197779,1368198071,u1,292,2013-05-10 14:56:19
1368198793,1368200749,u1,1956,2013-05-10 15:13:13
1368200960,1368203784,u1,2824,2013-05-10 15:49:20
1368204024,1368204538,u1,514,2013-05-10 16:40:24
1368205713,1368206248,u1,535,2013-05-10 17:08:33
1368206499,1368208525,u1,2026,2013-05-10 17:21:39
1368208756,1368208827,u1,71,2013-05-10 17:59:16
1368209067,1368209138,u1,71,2013-05-10 18:04:27
1368210341,1368210411,u1,70,2013-05-10 18:25:41
1368210883,1368211004,u1,121,2013-05-10 18:34:43
1368211234,1368211708,u1,474,2013-05-10 18:40:34
1368211739,1368212061,u1,322,2013-05-10 18:48:59
1368212332,1368212665,u1,333,2013-05-10 18:58:52
1368212925,1368219508,u1,6583,2013-05-10 19:08:45
1368219759,1368221641,u1,1882,2013-05-10 21:02:39
1368222824,1368222875,u1,51,2013-05-10 21:53:44
1368223377,1368223760,u1,383,2013-05-10 22:02:57
1368223990,1368224454,u1,464,2013-05-10 22:13:10
1368224685,1368225118,u1,433,2013-05-10 22:24:45
1368225338,1368226308,u1,970,2013-05-10 22:35:38
1368227030,1368227242,u1,212,2013-05-10 23:03:50
1368227442,1368227533,u1,91,2013-05-10 23:10:42
1368227764,1368228258,u1,494,2013-05-10 23:16:04
1368228719,1368229425,u1,706,2013-05-10 23:31:59
1368229455,1368229586,u1,131,2013-05-10 23:44:15
1368230048,1368230562,u1,514,2013-05-10 23:54:08
1368230823,1368232598,u1,1775,2013-05-11 00:07:03
1368232860,1368232930,u1,70,2013-05-11 00:41:00
1368233411,1368233482,u1,71,2013-05-11 00:50:11
1368233953,1368234024,u1,71,2013-05-11 00:59:13
1368234946,1368235057,u1,111,2013-05-11 01:15:46
1368235307,1368235458,u1,151,2013-05-11 01:21:47
1368235669,1368237333,u1,1664,2013-05-11 01:27:49
1368237533,1368237977,u1,444,2013-05-11 01:58:53
1368238188,1368240058,u1,1870,2013-05-11 02:09:48
1368240298,1368240924,u1,626,2013-05-11 02:44:58
1368241154,1368241517,u1,363,2013-05-11 02:59:14
1368241768,1368242050,u1,282,2013-05-11 03:09:28
1368242060,1368242474,u1,414,2013-05-11 03:14:20
1368242715,1368243481,u1,766,2013-05-11 03:25:15
1368243501,1368245941,u1,2440,2013-05-11 03:38:21
1368245972,1368248392,u1,2420,2013-05-11 04:19:32
1368248633,1368251063,u1,2430,2013-05-11 05:03:53
1368251514,1368252815,u1,1301,2013-05-11 05:51:54
1368253016,1368253502,u1,486,2013-05-11 06:16:56
1368254013,1368255417,u1,1404,2013-05-11 06:33:33
1368255458,1368256577,u1,1119,2013-05-11 06:57:38
1368256597,1368257001,u1,404,2013-05-11 07:16:37
1368257252,1368257383,u1,131,2013-05-11 07:27:32
1368257583,1368260097,u1,2514,2013-05-11 07:33:03
1368260107,1368260854,u1,747,2013-05-11 08:15:07
1368261335,1368262658,u1,1323,2013-05-11 08:35:35
1368262868,1368262999,u1,131,2013-05-11 09:01:08
1368263230,1368263320,u1,90,2013-05-11 09:07:10
1368263321,1368263421,u1,100,2013-05-11 09:08:41
1368278081,1368278688,u1,607,2013-05-11 13:14:41
1368278919,1368279201,u1,282,2013-05-11 13:28:39
1368279401,1368279745,u1,344,2013-05-11 13:36:41
1368280016,1368280268,u1,252,2013-05-11 13:46:56
1368280509,1368281509,u1,1000,2013-05-11 13:55:09
1368281749,1368282042,u1,293,2013-05-11 14:15:49
1368282282,1368282565,u1,283,2013-05-11 14:24:42
1368282775,1368283027,u1,252,2013-05-11 14:32:55
1368283258,1368283692,u1,434,2013-05-11 14:40:58
1368283932,1368284275,u1,343,2013-05-11 14:52:12
1368284526,1368285000,u1,474,2013-05-11 15:02:06
1368285240,1368285738,u1,498,2013-05-11 15:14:00
1368285959,1368286130,u1,171,2013-05-11 15:25:59
1368286631,1368286732,u1,101,2013-05-11 15:37:11
1368286752,1368286833,u1,81,2013-05-11 15:39:12
1368287114,1368287326,u1,212,2013-05-11 15:45:14
1368287587,1368287829,u1,242,2013-05-11 15:53:07
1368288079,1368288341,u1,262,2013-05-11 16:01:19
1368288612,1368288753,u1,141,2013-05-11 16:10:12
1368291410,1368291773,u1,363,2013-05-11 16:56:50
1368292044,1368292165,u1,121,2013-05-11 17:07:24
1368292867,1368292929,u1,62,2013-05-11 17:21:07
1368293641,1368294246,u1,605,2013-05-11 17:34:01
1368294456,1368294567,u1,111,2013-05-11 17:47:36
1368295269,1368295390,u1,121,2013-05-11 18:01:09
1368296583,1368297531,u1,948,2013-05-11 18:23:03
1368297541,1368297631,u1,90,2013-05-11 18:39:01
1368297862,1368298689,u1,827,2013-05-11 18:44:22
1368298909,1368300130,u1,1221,2013-05-11 19:01:49
1368300350,1368302469,u1,2119,2013-05-11 19:25:50
1368302710,1368303536,u1,826,2013-05-11 20:05:10
1368303567,1368304747,u1,1180,2013-05-11 20:19:27
1368305479,1368305640,u1,161,2013-05-11 20:51:19
1368305911,1368306415,u1,504,2013-05-11 20:58:31
1368307137,1368307530,u1,393,2013-05-11 21:18:57
1368308211,1368311401,u1,3190,2013-05-11 21:36:51
1368311893,1368312519,u1,626,2013-05-11 22:38:13
1368312739,1368312820,u1,81,2013-05-11 22:52:19
1368313020,1368313202,u1,182,2013-05-11 22:57:00
1368314164,1368315285,u1,1121,2013-05-11 23:16:04
1368315993,1368316195,u1,202,2013-05-11 23:46:33
1368316405,1368316556,u1,151,2013-05-11 23:53:25
1368316777,1368316847,u1,70,2013-05-11 23:59:37
1368317539,1368318378,u1,839,2013-05-12 00:12:19
1368318619,1368318962,u1,343,2013-05-12 00:30:19
1368319894,1368319975,u1,81,2013-05-12 00:51:34
1368367349,1368368206,u1,857,2013-05-12 14:02:29
1368368436,1368369788,u1,1352,2013-05-12 14:20:36
1368370009,1368371088,u1,1079,2013-05-12 14:46:49
1368371338,1368371701,u1,363,2013-05-12 15:08:58
1368371932,1368372093,u1,161,2013-05-12 15:18:52
1368372113,1368373394,u1,1281,2013-05-12 15:21:53
1368373414,1368374059,u1,645,2013-05-12 15:43:34
1368374080,1368374170,u1,90,2013-05-12 15:54:40
1368374371,1368374522,u1,151,2013-05-12 15:59:31
1368374763,1368374934,u1,171,2013-05-12 16:06:03
1368375175,1368375265,u1,90,2013-05-12 16:12:55
1368375777,1368375958,u1,181,2013-05-12 16:22:57
1368376179,1368380881,u1,4702,2013-05-12 16:29:39
1368381101,1368382644,u1,1543,2013-05-12 17:51:41
1368382905,1368382996,u1,91,2013-05-12 18:21:45
1368383196,1368384689,u1,1493,2013-05-12 18:26:36
1368384940,1368385599,u1,659,2013-05-12 18:55:40
1368386081,1368387624,u1,1543,2013-05-12 19:14:41
1368387644,1368387785,u1,141,2013-05-12 19:40:44
1368388242,1368388716,u1,474,2013-05-12 19:50:42
1368388967,1368389108,u1,141,2013-05-12 20:02:47
1368389809,1368394993,u1,5184,2013-05-12 20:16:49
1368395224,1368398653,u1,3429,2013-05-12 21:47:04
1368398864,1368398985,u1,121,2013-05-12 22:47:44
1368399737,1368400191,u1,454,2013-05-12 23:02:17
1368400221,1368401169,u1,948,2013-05-12 23:10:21
1368401419,1368401793,u1,374,2013-05-12 23:30:19
1368402003,1368402285,u1,282,2013-05-12 23:40:03
1368402536,1368402758,u1,222,2013-05-12 23:48:56
1368402948,1368403059,u1,111,2013-05-12 23:55:48
1368403289,1368403330,u1,41,2013-05-13 00:01:29
1368404523,1368404865,u1,342,2013-05-13 00:22:03
1368405066,1368405197,u1,131,2013-05-13 00:31:06
1368405678,1368405758,u1,80,2013-05-13 00:41:18
1368406921,1368408041,u1,1120,2013-05-13 01:02:01
1368408251,1368409825,u1,1574,2013-05-13 01:24:11
1368409835,1368412255,u1,2420,2013-05-13 01:50:35
1368412255,1368412871,u1,616,2013-05-13 02:30:55
1368412901,1368414303,u1,1402,2013-05-13 02:41:41
1368414805,1368414957,u1,152,2013-05-13 03:13:25
1368415238,1368415409,u1,171,2013-05-13 03:20:38
1368415890,1368416122,u1,232,2013-05-13 03:31:30
1368416824,1368417126,u1,302,2013-05-13 03:47:04
1368417157,1368418135,u1,978,2013-05-13 03:52:37
1368418356,1368418416,u1,60,2013-05-13 04:12:36
1368418636,1368419120,u1,484,2013-05-13 04:17:16
1368419602,1368419702,u1,100,2013-05-13 04:33:22
1368421637,1368423231,u1,1594,2013-05-13 05:07:17
1368423441,1368425256,u1,1815,2013-05-13 05:37:21
1368425477,1368425749,u1,272,2013-05-13 06:11:17
1368425970,1368426998,u1,1028,2013-05-13 06:19:30
1368427249,1368428582,u1,1333,2013-05-13 06:40:49
1368464593,1368464664,u1,71,2013-05-13 17:03:13
1368464915,1368465015,u1,100,2013-05-13 17:08:35
1368466480,1368467438,u1,958,2013-05-13 17:34:40
1368467659,1368468345,u1,686,2013-05-13 17:54:19
1368468806,1368470056,u1,1250,2013-05-13 18:13:26
1368470297,1368470963,u1,666,2013-05-13 18:38:17
1368471214,1368471425,u1,211,2013-05-13 18:53:34
1368471706,1368471938,u1,232,2013-05-13 19:01:46
1368472158,1368472813,u1,655,2013-05-13 19:09:18
1368474288,1368474459,u1,171,2013-05-13 19:44:48
1368474690,1368474811,u1,121,2013-05-13 19:51:30
1368475071,1368475535,u1,464,2013-05-13 19:57:51
1368475756,1368476179,u1,423,2013-05-13 20:09:16
1368476461,1368476602,u1,141,2013-05-13 20:21:01
1368476612,1368476774,u1,162,2013-05-13 20:23:32
1368477034,1368477831,u1,797,2013-05-13 20:30:34
1368478312,1368478453,u1,141,2013-05-13 20:51:52
1368479677,1368480373,u1,696,2013-05-13 21:14:37
1368480573,1368481077,u1,504,2013-05-13 21:29:33
1368481288,1368481671,u1,383,2013-05-13 21:41:28
1368483125,1368483508,u1,383,2013-05-13 22:12:05
1368483759,1368484848,u1,1089,2013-05-13 22:22:39
1368485309,1368485702,u1,393,2013-05-13 22:48:29
1368486163,1368488201,u1,2038,2013-05-13 23:02:43
1368488712,1368488873,u1,161,2013-05-13 23:45:12
1368489606,1368489656,u1,50,2013-05-14 00:00:06
1368489877,1368490391,u1,514,2013-05-14 00:04:37
1368490602,1368500252,u1,9650,2013-05-14 00:16:42
1368500513,1368502995,u1,2482,2013-05-14 03:01:53
1368503456,1368503849,u1,393,2013-05-14 03:50:56
1368504561,1368504904,u1,343,2013-05-14 04:09:21
1368505615,1368506704,u1,1089,2013-05-14 04:26:55
1368506945,1368508046,u1,1101,2013-05-14 04:49:05
1368508267,1368509145,u1,878,2013-05-14 05:11:07
1368509425,1368509839,u1,414,2013-05-14 05:30:25
1368547323,1368549138,u1,1815,2013-05-14 16:02:03
1368549149,1368549683,u1,534,2013-05-14 16:32:29
1368549903,1368550286,u1,383,2013-05-14 16:45:03
1368550507,1368551626,u1,1119,2013-05-14 16:55:07
1368553340,1368553401,u1,61,2013-05-14 17:42:20
1368553632,1368555114,u1,1482,2013-05-14 17:47:12
1368555616,1368556443,u1,827,2013-05-14 18:20:16
1368556694,1368557420,u1,726,2013-05-14 18:38:14
1368558132,1368558202,u1,70,2013-05-14 19:02:12
1368559155,1368559326,u1,171,2013-05-14 19:19:15
1368560078,1368560240,u1,162,2013-05-14 19:34:38
1368560711,1368561023,u1,312,2013-05-14 19:45:11
1368561254,1368561415,u1,161,2013-05-14 19:54:14
1368562639,1368562921,u1,282,2013-05-14 20:17:19
1368563412,1368565188,u1,1776,2013-05-14 20:30:12
1368565388,1368565892,u1,504,2013-05-14 21:03:08
1368566133,1368567020,u1,887,2013-05-14 21:15:33
1368567030,1368567656,u1,626,2013-05-14 21:30:30
1368567866,1368570278,u1,2412,2013-05-14 21:44:26
1368570498,1368575039,u1,4541,2013-05-14 22:28:18
1368577155,1368580735,u1,3580,2013-05-15 00:19:15
1368580946,1368582186,u1,1240,2013-05-15 01:22:26
1368582387,1368588531,u1,6144,2013-05-15 01:46:27
1368588742,1368589185,u1,443,2013-05-15 03:32:22
1368589416,1368591716,u1,2300,2013-05-15 03:43:36
1368595316,1368598411,u1,3095,2013-05-15 05:21:56
1368598632,1368598702,u1,70,2013-05-15 06:17:12
1368626554,1368626836,u1,282,2013-05-15 14:02:34
1368626867,1368627199,u1,332,2013-05-15 14:07:47
1368627711,1368628023,u1,312,2013-05-15 14:21:51
1368628505,1368628615,u1,110,2013-05-15 14:35:05
1368630773,1368630955,u1,182,2013-05-15 15:12:53
1368631175,1368631427,u1,252,2013-05-15 15:19:35
1368631660,1368632265,u1,605,2013-05-15 15:27:40
1368632977,1368634470,u1,1493,2013-05-15 15:49:37
1368634490,1368634752,u1,262,2013-05-15 16:14:50
1368634973,1368635013,u1,40,2013-05-15 16:22:53
1368635264,1368635838,u1,574,2013-05-15 16:27:44
1368635838,1368636292,u1,454,2013-05-15 16:37:18
1368636512,1368638297,u1,1785,2013-05-15 16:48:32
1368638498,1368641241,u1,2743,2013-05-15 17:21:38
1368652499,1368654990,u1,2491,2013-05-15 21:14:59
1368655200,1368658885,u1,3685,2013-05-15 22:00:00
1368659096,1368660266,u1,1170,2013-05-15 23:04:56
1368660477,1368662224,u1,1747,2013-05-15 23:27:57
1368662956,1368664499,u1,1543,2013-05-16 00:09:16
1368664750,1368665213,u1,463,2013-05-16 00:39:10
1368665495,1368665666,u1,171,2013-05-16 00:51:35
1368666117,1368667095,u1,978,2013-05-16 01:01:57
1368667326,1368668676,u1,1350,2013-05-16 01:22:06
1368668897,1368668967,u1,70,2013-05-16 01:48:17
1368669459,1368676768,u1,7309,2013-05-16 01:57:39
1368676999,1368678008,u1,1009,2013-05-16 04:03:19
1368678289,1368678380,u1,91,2013-05-16 04:24:49
1368678611,1368679306,u1,695,2013-05-16 04:30:11
1368679527,1368682028,u1,2501,2013-05-16 04:45:27
1368682048,1368682663,u1,615,2013-05-16 05:27:28
1368683114,1368685908,u1,2794,2013-05-16 05:45:14
1368686850,1368687203,u1,353,2013-05-16 06:47:30
1368687224,1368687345,u1,121,2013-05-16 06:53:44
1368687565,1368687797,u1,232,2013-05-16 06:59:25
1368688058,1368688229,u1,171,2013-05-16 07:07:38
1368688470,1368688732,u1,262,2013-05-16 07:14:30
1368688952,1368689144,u1,192,2013-05-16 07:22:32
1368689384,1368689566,u1,182,2013-05-16 07:29:44
1368689796,1368690038,u1,242,2013-05-16 07:36:36
1368690279,1368690521,u1,242,2013-05-16 07:44:39
1368690772,1368690933,u1,161,2013-05-16 07:52:52
1368691174,1368691395,u1,221,2013-05-16 07:59:34
1368691666,1368691928,u1,262,2013-05-16 08:07:46
1368692129,1368692320,u1,191,2013-05-16 08:15:29
1368692561,1368692955,u1,394,2013-05-16 08:22:41
1368692985,1368693227,u1,242,2013-05-16 08:29:45
1368693468,1368693710,u1,242,2013-05-16 08:37:48
1368693940,1368694293,u1,353,2013-05-16 08:45:40
1368694544,1368694816,u1,272,2013-05-16 08:55:44
1368695087,1368695299,u1,212,2013-05-16 09:04:47
1368695560,1368695782,u1,222,2013-05-16 09:12:40
1368696043,1368696174,u1,131,2013-05-16 09:20:43
1368696415,1368696526,u1,111,2013-05-16 09:26:55
1368696756,1368696907,u1,151,2013-05-16 09:32:36
1368697138,1368697279,u1,141,2013-05-16 09:38:58
1368697540,1368697742,u1,202,2013-05-16 09:45:40
1368697962,1368698123,u1,161,2013-05-16 09:52:42
1368698384,1368698536,u1,152,2013-05-16 09:59:44
1368698746,1368698948,u1,202,2013-05-16 10:05:46
1368699178,1368699927,u1,749,2013-05-16 10:12:58
1368700198,1368700359,u1,161,2013-05-16 10:29:58
1368700610,1368700862,u1,252,2013-05-16 10:36:50
1368701083,1368701193,u1,110,2013-05-16 10:44:43
1368701935,1368702137,u1,202,2013-05-16 10:58:55
1368702347,1368702489,u1,142,2013-05-16 11:05:47
1368702719,1368702901,u1,182,2013-05-16 11:11:59
1368703382,1368703493,u1,111,2013-05-16 11:23:02
1368703733,1368703985,u1,252,2013-05-16 11:28:53
1368704216,1368704458,u1,242,2013-05-16 11:36:56
1368704699,1368704910,u1,211,2013-05-16 11:44:59
1368705161,1368705424,u1,263,2013-05-16 11:52:41
1368705654,1368705866,u1,212,2013-05-16 12:00:54
1368706076,1368706288,u1,212,2013-05-16 12:07:56
1368706499,1368706640,u1,141,2013-05-16 12:14:59
1368706860,1368707122,u1,262,2013-05-16 12:21:00
1368707353,1368707585,u1,232,2013-05-16 12:29:13
1368707816,1368707997,u1,181,2013-05-16 12:36:56
1368708228,1368708430,u1,202,2013-05-16 12:43:48
1368708650,1368708872,u1,222,2013-05-16 12:50:50
1368709082,1368709243,u1,161,2013-05-16 12:58:02
1368709494,1368709726,u1,232,2013-05-16 13:04:54
1368709977,1368710279,u1,302,2013-05-16 13:12:57
1368710520,1368710782,u1,262,2013-05-16 13:22:00
1368711002,1368711254,u1,252,2013-05-16 13:30:02
1368711475,1368711677,u1,202,2013-05-16 13:37:55
1368721766,1368722884,u1,1118,2013-05-16 16:29:26
1368723155,1368724506,u1,1351,2013-05-16 16:52:35
1368724536,1368724889,u1,353,2013-05-16 17:15:36
1368725360,1368725835,u1,475,2013-05-16 17:29:20
1368726787,1368726950,u1,163,2013-05-16 17:53:07
1368727140,1368727856,u1,716,2013-05-16 17:59:00
1368728618,1368728789,u1,171,2013-05-16 18:23:38
1368729982,1368732452,u1,2470,2013-05-16 18:46:22
1368732703,1368732976,u1,273,2013-05-16 19:31:43
1368733938,1368734079,u1,141,2013-05-16 19:52:18
1368734290,1368735368,u1,1078,2013-05-16 19:58:10
1368735629,1368735992,u1,363,2013-05-16 20:20:29
1368736223,1368736787,u1,564,2013-05-16 20:30:23
1368736788,1368738038,u1,1250,2013-05-16 20:39:48
1368738289,1368738440,u1,151,2013-05-16 21:04:49
1368738701,1368738872,u1,171,2013-05-16 21:11:41
1368738882,1368739296,u1,414,2013-05-16 21:14:42
1368741471,1368741632,u1,161,2013-05-16 21:57:51
1368742103,1368742648,u1,545,2013-05-16 22:08:23
1368742889,1368743756,u1,867,2013-05-16 22:21:29
1368743966,1368744168,u1,202,2013-05-16 22:39:26
1368744408,1368745619,u1,1211,2013-05-16 22:46:48
1368745839,1368746808,u1,969,2013-05-16 23:10:39
1368747038,1368747956,u1,918,2013-05-16 23:30:38
1368748177,1368748691,u1,514,2013-05-16 23:49:37
1368760191,1368760433,u1,242,2013-05-17 03:09:51
1368760694,1368760886,u1,192,2013-05-17 03:18:14
1368761086,1368761308,u1,222,2013-05-17 03:24:46
1368762240,1368763400,u1,1160,2013-05-17 03:44:00
1368763600,1368763731,u1,131,2013-05-17 04:06:40
1368763992,1368764940,u1,948,2013-05-17 04:13:12
1368766133,1368769229,u1,3096,2013-05-17 04:48:53
1368769430,1368773293,u1,3863,2013-05-17 05:43:50
1368773774,1368773955,u1,181,2013-05-17 06:56:14
1368774446,1368774537,u1,91,2013-05-17 07:07:26
1368776492,1368776563,u1,71,2013-05-17 07:41:32
1368777986,1368778107,u1,121,2013-05-17 08:06:26
1368778358,1368778419,u1,61,2013-05-17 08:12:38
1368778659,1368778740,u1,81,2013-05-17 08:17:39
1368779021,1368779112,u1,91,2013-05-17 08:23:41
1368779834,1368779904,u1,70,2013-05-17 08:37:14
1368780135,1368780226,u1,91,2013-05-17 08:42:15
1368780687,1368780777,u1,90,2013-05-17 08:51:27
1368780787,1368780858,u1,71,2013-05-17 08:53:07
1368781580,1368781650,u1,70,2013-05-17 09:06:20
1368781901,1368782022,u1,121,2013-05-17 09:11:41
1368782263,1368782313,u1,50,2013-05-17 09:17:43
1368782534,1368782604,u1,70,2013-05-17 09:22:14
1368783336,1368783417,u1,81,2013-05-17 09:35:36
1368810531,1368810601,u1,70,2013-05-17 17:08:51
1368810611,1368811166,u1,555,2013-05-17 17:10:11
1368811868,1368812614,u1,746,2013-05-17 17:31:08
1368812824,1368813167,u1,343,2013-05-17 17:47:04
1368814641,1368815649,u1,1008,2013-05-17 18:17:21
1368816140,1368816211,u1,71,2013-05-17 18:42:20
1368817404,1368817485,u1,81,2013-05-17 19:03:24
1368818217,1368818479,u1,262,2013-05-17 19:16:57
1368818952,1368820132,u1,1180,2013-05-17 19:29:12
1368820142,1368820485,u1,343,2013-05-17 19:49:02
1368820947,1368821057,u1,110,2013-05-17 20:02:27
1368821278,1368822985,u1,1707,2013-05-17 20:07:58
1368823216,1368823751,u1,535,2013-05-17 20:40:16
1368823981,1368825656,u1,1675,2013-05-17 20:53:01
1368825927,1368827520,u1,1593,2013-05-17 21:25:27
1368827771,1368827982,u1,211,2013-05-17 21:56:11
1368828423,1368828564,u1,141,2013-05-17 22:07:03
1368829527,1368830253,u1,726,2013-05-17 22:25:27
1368830463,1368830685,u1,222,2013-05-17 22:41:03
1368830886,1368831945,u1,1059,2013-05-17 22:48:06
1368832165,1368834091,u1,1926,2013-05-17 23:09:25
1368834342,1368837367,u1,3025,2013-05-17 23:45:42
1368837408,1368837478,u1,70,2013-05-18 00:36:48
1368837668,1368837910,u1,242,2013-05-18 00:41:08
1368837931,1368838122,u1,191,2013-05-18 00:45:31
1368838332,1368840945,u1,2613,2013-05-18 00:52:12
1368841155,1368845563,u1,4408,2013-05-18 01:39:15
1368845803,1368847618,u1,1815,2013-05-18 02:56:43
1368848320,1368851307,u1,2987,2013-05-18 03:38:40
1368851537,1368852122,u1,585,2013-05-18 04:32:17
1368853074,1368853760,u1,686,2013-05-18 04:57:54
1368853791,1368853952,u1,161,2013-05-18 05:09:51
1368853972,1368854033,u1,61,2013-05-18 05:12:52
1368854505,1368854626,u1,121,2013-05-18 05:21:45
1368855358,1368855741,u1,383,2013-05-18 05:35:58
1368855781,1368855842,u1,61,2013-05-18 05:43:01
1368856293,1368858604,u1,2311,2013-05-18 05:51:33
1368859316,1368859387,u1,71,2013-05-18 06:41:56
1368859628,1368859698,u1,70,2013-05-18 06:47:08
1368859929,1368859999,u1,70,2013-05-18 06:52:09
1368864311,1368864452,u1,141,2013-05-18 08:05:11
1368864974,1368865054,u1,80,2013-05-18 08:16:14
1368865576,1368865646,u1,70,2013-05-18 08:26:16
1368866107,1368866238,u1,131,2013-05-18 08:35:07
1368873678,1368873941,u1,263,2013-05-18 10:41:18
1368874161,1368874353,u1,192,2013-05-18 10:49:21
1368876027,1368876128,u1,101,2013-05-18 11:20:27
1368876389,1368876480,u1,91,2013-05-18 11:26:29
1368876740,1368876852,u1,112,2013-05-18 11:32:20
1368877323,1368877534,u1,211,2013-05-18 11:42:03
1368878247,1368878347,u1,100,2013-05-18 11:57:27
1368878599,1368878709,u1,110,2013-05-18 12:03:19
1368878730,1368878830,u1,100,2013-05-18 12:05:30
1368880033,1368880104,u1,71,2013-05-18 12:27:13
1368881077,1368881147,u1,70,2013-05-18 12:44:37
1368881598,1368881749,u1,151,2013-05-18 12:53:18
1368884126,1368884297,u1,171,2013-05-18 13:35:26
1368884799,1368884869,u1,70,2013-05-18 13:46:39
1368885822,1368885922,u1,100,2013-05-18 14:03:42
1368886634,1368886775,u1,141,2013-05-18 14:17:14
1368888680,1368889023,u1,343,2013-05-18 14:51:20
1368889484,1368889554,u1,70,2013-05-18 15:04:44
1368890005,1368890409,u1,404,2013-05-18 15:13:25
1368890449,1368890560,u1,111,2013-05-18 15:20:49
1368890790,1368891173,u1,383,2013-05-18 15:26:30
1368891384,1368891878,u1,494,2013-05-18 15:36:24
1368892088,1368892926,u1,838,2013-05-18 15:48:08
1368893116,1368894276,u1,1160,2013-05-18 16:05:16
1368894497,1368895001,u1,504,2013-05-18 16:28:17
1368895212,1368897827,u1,2615,2013-05-18 16:40:12
1368898027,1368899217,u1,1190,2013-05-18 17:27:07
1368899417,1368899820,u1,403,2013-05-18 17:50:17
1368900011,1368900918,u1,907,2013-05-18 18:00:11
1368900918,1368900989,u1,71,2013-05-18 18:15:18
1368901009,1368901503,u1,494,2013-05-18 18:16:49
1368901693,1368903126,u1,1433,2013-05-18 18:28:13
1368903346,1368903779,u1,433,2013-05-18 18:55:46
1368903980,1368904585,u1,605,2013-05-18 19:06:20
1368904605,1368904817,u1,212,2013-05-18 19:16:45
1368904857,1368905220,u1,363,2013-05-18 19:20:57
1368905431,1368908295,u1,2864,2013-05-18 19:30:31
1368908335,1368908456,u1,121,2013-05-18 20:18:55
1368909388,1368911344,u1,1956,2013-05-18 20:36:28
1368913470,1368913571,u1,101,2013-05-18 21:44:30
1368913781,1368914305,u1,524,2013-05-18 21:49:41
1368914586,1368923720,u1,9134,2013-05-18 22:03:06
1368923921,1368924334,u1,413,2013-05-19 00:38:41
1368924605,1368924968,u1,363,2013-05-19 00:50:05
1369455825,1369455896,u1,71,2013-05-25 04:23:45
1369492180,1369492241,u1,61,2013-05-25 14:29:40
1369494657,1369495656,u1,999,2013-05-25 15:10:57
1369495917,1369496471,u1,554,2013-05-25 15:31:57
1369496682,1369497186,u1,504,2013-05-25 15:44:42
1369497407,1369499051,u1,1644,2013-05-25 15:56:47
1369499512,1369504091,u1,4579,2013-05-25 16:31:52
1369504301,1369504856,u1,555,2013-05-25 17:51:41
1369505087,1369505692,u1,605,2013-05-25 18:04:47
1369505923,1369508111,u1,2188,2013-05-25 18:18:43
1369508312,1369508856,u1,544,2013-05-25 18:58:32
1369509097,1369509843,u1,746,2013-05-25 19:11:37
1369510054,1369510538,u1,484,2013-05-25 19:27:34
1369510779,1369510950,u1,171,2013-05-25 19:39:39
1369510980,1369512079,u1,1099,2013-05-25 19:43:00
1369512280,1369513591,u1,1311,2013-05-25 20:04:40
1369513862,1369514124,u1,262,2013-05-25 20:31:02
1369515316,1369516809,u1,1493,2013-05-25 20:55:16
1369517019,1369517625,u1,606,2013-05-25 21:23:39
1369519581,1369519651,u1,70,2013-05-25 22:06:21
1369519851,1369520013,u1,162,2013-05-25 22:10:51
1369520203,1369521403,u1,1200,2013-05-25 22:16:43
1369521654,1369524044,u1,2390,2013-05-25 22:40:54
1369524064,1369524800,u1,736,2013-05-25 23:21:04
1369525021,1369525948,u1,927,2013-05-25 23:37:01
1369526159,1369526744,u1,585,2013-05-25 23:55:59
1369526754,1369527238,u1,484,2013-05-26 00:05:54
1369527479,1369529557,u1,2078,2013-05-26 00:17:59
1369529757,1369530463,u1,706,2013-05-26 00:55:57
1369530653,1369532952,u1,2299,2013-05-26 01:10:53
1369532973,1369533456,u1,483,2013-05-26 01:49:33
1369533657,1369535119,u1,1462,2013-05-26 02:00:57
1369535590,1369535852,u1,262,2013-05-26 02:33:10
1369536063,1369536143,u1,80,2013-05-26 02:41:03
1369536374,1369537887,u1,1513,2013-05-26 02:46:14
1369538107,1369539489,u1,1382,2013-05-26 03:15:07
1369539729,1369543655,u1,3926,2013-05-26 03:42:09
1369543875,1369546046,u1,2171,2013-05-26 04:51:15
1369546257,1369547629,u1,1372,2013-05-26 05:30:57
1369547839,1369548263,u1,424,2013-05-26 05:57:19
1369548483,1369551015,u1,2532,2013-05-26 06:08:03
1369551245,1369551497,u1,252,2013-05-26 06:54:05
1369551748,1369552343,u1,595,2013-05-26 07:02:28
1369552574,1369553068,u1,494,2013-05-26 07:16:14
1369553298,1369554246,u1,948,2013-05-26 07:28:18
1369554497,1369554992,u1,495,2013-05-26 07:48:17
1369555243,1369555324,u1,81,2013-05-26 08:00:43
1369585141,1369585484,u1,343,2013-05-26 16:19:01
1369585945,1369591382,u1,5437,2013-05-26 16:32:25
1369591412,1369592179,u1,767,2013-05-26 18:03:32
1369592410,1369593337,u1,927,2013-05-26 18:20:10
1369593558,1369594183,u1,625,2013-05-26 18:39:18
1369594394,1369595392,u1,998,2013-05-26 18:53:14
1369595603,1369598446,u1,2843,2013-05-26 19:13:23
1369598657,1369600281,u1,1624,2013-05-26 20:04:17
1369600542,1369603860,u1,3318,2013-05-26 20:35:42
1369604070,1369604877,u1,807,2013-05-26 21:34:30
1369605118,1369605279,u1,161,2013-05-26 21:51:58
1369605760,1369606638,u1,878,2013-05-26 22:02:40
1369606678,1369606759,u1,81,2013-05-26 22:17:58
1369606999,1369607080,u1,81,2013-05-26 22:23:19
1369607331,1369607684,u1,353,2013-05-26 22:28:51
1369608395,1369609786,u1,1391,2013-05-26 22:46:35
1369610007,1369613839,u1,3832,2013-05-26 23:13:27
1369614090,1369615491,u1,1401,2013-05-27 00:21:30
1369615712,1369616508,u1,796,2013-05-27 00:48:32
1369616729,1369617939,u1,1210,2013-05-27 01:05:29
1369618170,1369618906,u1,736,2013-05-27 01:29:30
1369619148,1369619340,u1,192,2013-05-27 01:45:48
1369621747,1369621777,u1,30,2013-05-27 02:29:07
1369622050,1369622648,u1,598,2013-05-27 02:34:10
1369622880,1369623758,u1,878,2013-05-27 02:48:00
1369623788,1369625039,u1,1251,2013-05-27 03:03:08
1369625259,1369628536,u1,3277,2013-05-27 03:27:39
1369628747,1369630159,u1,1412,2013-05-27 04:25:47
1369630640,1369630781,u1,141,2013-05-27 04:57:20
1369631534,1369631644,u1,110,2013-05-27 05:12:14
1369632848,1369634009,u1,1161,2013-05-27 05:34:08
1369635954,1369636125,u1,171,2013-05-27 06:25:54
1369669309,1369670973,u1,1664,2013-05-27 15:41:49
1369670983,1369671084,u1,101,2013-05-27 16:09:43
1369671775,1369673974,u1,2199,2013-05-27 16:22:55
1369674214,1369675525,u1,1311,2013-05-27 17:03:34
1369675976,1369676844,u1,868,2013-05-27 17:32:56
1369679460,1369680347,u1,887,2013-05-27 18:31:00
1369683245,1369683729,u1,484,2013-05-27 19:34:05
1369684220,1369685965,u1,1745,2013-05-27 19:50:20
1369686175,1369690650,u1,4475,2013-05-27 20:22:55
1369690851,1369692101,u1,1250,2013-05-27 21:40:51
1369692302,1369694087,u1,1785,2013-05-27 22:05:02
1369694297,1369694751,u1,454,2013-05-27 22:38:17
1369695512,1369696218,u1,706,2013-05-27 22:58:32
1369696229,1369696480,u1,251,2013-05-27 23:10:29
1369696681,1369699596,u1,2915,2013-05-27 23:18:01
1369699817,1369700989,u1,1172,2013-05-28 00:10:17
1369702413,1369704802,u1,2389,2013-05-28 00:53:33
1369704812,1369705791,u1,979,2013-05-28 01:33:32
1369705991,1369706707,u1,716,2013-05-28 01:53:11
1369706948,1369708490,u1,1542,2013-05-28 02:09:08
1369708690,1369709013,u1,323,2013-05-28 02:38:10
1369709494,1369709756,u1,262,2013-05-28 02:51:34
1369710668,1369710950,u1,282,2013-05-28 03:11:08
1369711411,1369711512,u1,101,2013-05-28 03:23:31
1369712015,1369712217,u1,202,2013-05-28 03:33:35
1369712450,1369712601,u1,151,2013-05-28 03:40:50
1369712872,1369713144,u1,272,2013-05-28 03:47:52
1369713405,1369713536,u1,131,2013-05-28 03:56:45
1369713767,1369713898,u1,131,2013-05-28 04:02:47
1369714098,1369714673,u1,575,2013-05-28 04:08:18
1369714883,1369716880,u1,1997,2013-05-28 04:21:23
1369717111,1369717786,u1,675,2013-05-28 04:58:31
1369718007,1369718803,u1,796,2013-05-28 05:13:27
1369719034,1369720294,u1,1260,2013-05-28 05:30:34
1369720535,1369720746,u1,211,2013-05-28 05:55:35
1369721428,1369721762,u1,334,2013-05-28 06:10:28
1369721993,1369723509,u1,1516,2013-05-28 06:19:53
1369723709,1369724778,u1,1069,2013-05-28 06:48:29
1369750036,1369750258,u1,222,2013-05-28 14:07:16
1369759914,1369760130,u1,216,2013-05-28 16:51:54
1369762797,1369763513,u1,716,2013-05-28 17:39:57
1369763754,1369763885,u1,131,2013-05-28 17:55:54
1369764106,1369764196,u1,90,2013-05-28 18:01:46
1369764407,1369764497,u1,90,2013-05-28 18:06:47
1369764698,1369764798,u1,100,2013-05-28 18:11:38
1369765009,1369765998,u1,989,2013-05-28 18:16:49
1369766208,1369767923,u1,1715,2013-05-28 18:36:48
1369768123,1369768829,u1,706,2013-05-28 19:08:43
1369769090,1369769755,u1,665,2013-05-28 19:24:50
1369769775,1369769907,u1,132,2013-05-28 19:36:15
1369770378,1369770721,u1,343,2013-05-28 19:46:18
1369770951,1369771315,u1,364,2013-05-28 19:55:51
1369772026,1369772087,u1,61,2013-05-28 20:13:46
1369772598,1369772992,u1,394,2013-05-28 20:23:18
1369773012,1369773153,u1,141,2013-05-28 20:30:12
1369773434,1369773626,u1,192,2013-05-28 20:37:14
1369774318,1369774580,u1,262,2013-05-28 20:51:58
1369774790,1369774982,u1,192,2013-05-28 20:59:50
1369774982,1369775113,u1,131,2013-05-28 21:03:02
1369775824,1369776006,u1,182,2013-05-28 21:17:04
1369777921,1369778092,u1,171,2013-05-28 21:52:01
1369778594,1369779139,u1,545,2013-05-28 22:03:14
1369779630,1369780285,u1,655,2013-05-28 22:20:30
1369780505,1369780627,u1,122,2013-05-28 22:35:05
1369780847,1369780998,u1,151,2013-05-28 22:40:47
1369781941,1369782001,u1,60,2013-05-28 22:59:01
1369782252,1369782514,u1,262,2013-05-28 23:04:12
1369782965,1369783338,u1,373,2013-05-28 23:16:05
1369784541,1369784693,u1,152,2013-05-28 23:42:21
1369785665,1369787350,u1,1685,2013-05-29 00:01:05
1369787611,1369787711,u1,100,2013-05-29 00:33:31
1369788182,1369788656,u1,474,2013-05-29 00:43:02
1369790381,1369790684,u1,303,2013-05-29 01:19:41
1369790894,1369791126,u1,232,2013-05-29 01:28:14
1369791638,1369792686,u1,1048,2013-05-29 01:40:38
1369794401,1369794512,u1,111,2013-05-29 02:26:41
1369795454,1369796160,u1,706,2013-05-29 02:44:14
1369796411,1369798265,u1,1854,2013-05-29 03:00:11
1369798526,1369801361,u1,2835,2013-05-29 03:35:26
1369801612,1369801682,u1,70,2013-05-29 04:26:52
1369802604,1369802715,u1,111,2013-05-29 04:43:24
1369802735,1369802947,u1,212,2013-05-29 04:45:35
1369804187,1369804863,u1,676,2013-05-29 05:09:47
1369805565,1369806039,u1,474,2013-05-29 05:32:45
1369806269,1369807479,u1,1210,2013-05-29 05:44:29
1369808664,1369809208,u1,544,2013-05-29 06:24:24
1369809449,1369811859,u1,2410,2013-05-29 06:37:29
1369812080,1369812393,u1,313,2013-05-29 07:21:20
