start_timestamp,end_timestamp,user_id,duration,start_time
1364425656,1364425727,u0,71,2013-03-27 23:07:36
1364427639,1364427780,u0,141,2013-03-27 23:40:39
1364428051,1364428485,u0,434,2013-03-27 23:47:31
1364428685,1364428777,u0,92,2013-03-27 23:58:05
1364428997,1364429159,u0,162,2013-03-28 00:03:17
1364431375,1364431455,u0,80,2013-03-28 00:42:55
1364431716,1364431835,u0,119,2013-03-28 00:48:36
1364432287,1364435009,u0,2722,2013-03-28 00:58:07
1364485464,1364486292,u0,828,2013-03-28 15:44:24
1364486542,1364487642,u0,1100,2013-03-28 16:02:22
1364487872,1364489723,u0,1851,2013-03-28 16:24:32
1364490685,1364490756,u0,71,2013-03-28 17:11:25
1364492921,1364493022,u0,101,2013-03-28 17:48:41
1364493533,1364499151,u0,5618,2013-03-28 17:58:53
1364502068,1364502108,u0,40,2013-03-28 20:21:08
1364502338,1364502540,u0,202,2013-03-28 20:25:38
1364502760,1364502871,u0,111,2013-03-28 20:32:40
1364571125,1364571427,u0,302,2013-03-29 15:32:05
1364571688,1364572163,u0,475,2013-03-29 15:41:28
1364572654,1364574115,u0,1461,2013-03-29 15:57:34
1364576721,1364577114,u0,393,2013-03-29 17:05:21
1364577324,1364577839,u0,515,2013-03-29 17:15:24
1364578761,1364578851,u0,90,2013-03-29 17:39:21
1364579052,1364579172,u0,120,2013-03-29 17:44:12
1364579183,1364579445,u0,262,2013-03-29 17:46:23
1364580397,1364580468,u0,71,2013-03-29 18:06:37
1364582392,1364583159,u0,767,2013-03-29 18:39:52
1364587979,1364588787,u0,808,2013-03-29 20:12:59
1364589027,1364591750,u0,2723,2013-03-29 20:30:27
1364592472,1364592593,u0,121,2013-03-29 21:27:52
1364592823,1364599006,u0,6183,2013-03-29 21:33:43
1364599027,1364600973,u0,1946,2013-03-29 23:17:07
1364601003,1364601185,u0,182,2013-03-29 23:50:03
1364601396,1364602848,u0,1452,2013-03-29 23:56:36
1364603319,1364604388,u0,1069,2013-03-30 00:28:39
1364605360,1364606036,u0,676,2013-03-30 01:02:40
1364658425,1364658596,u0,171,2013-03-30 15:47:05
1364660040,1364661925,u0,1885,2013-03-30 16:14:00
1364662146,1364662802,u0,656,2013-03-30 16:49:06
1364663062,1364665503,u0,2441,2013-03-30 17:04:22
1364665543,1364666401,u0,858,2013-03-30 17:45:43
1364666411,1364667571,u0,1160,2013-03-30 18:00:11
1364667802,1364667963,u0,161,2013-03-30 18:23:22
1364667973,1364668044,u0,71,2013-03-30 18:26:13
1364668054,1364668599,u0,545,2013-03-30 18:27:34
1364668810,1364669344,u0,534,2013-03-30 18:40:10
1364669615,1364671032,u0,1417,2013-03-30 18:53:35
1364671513,1364671644,u0,131,2013-03-30 19:25:13
1364671655,1364672028,u0,373,2013-03-30 19:27:35
1364672228,1364672955,u0,727,2013-03-30 19:37:08
1364673195,1364673891,u0,696,2013-03-30 19:53:15
1364674603,1364675531,u0,928,2013-03-30 20:16:43
1364675561,1364675611,u0,50,2013-03-30 20:32:41
1364675839,1364677132,u0,1293,2013-03-30 20:37:19
1364677332,1364677675,u0,343,2013-03-30 21:02:12
1364677905,1364677976,u0,71,2013-03-30 21:11:45
1364678206,1364678408,u0,202,2013-03-30 21:16:46
1364678668,1364684549,u0,5881,2013-03-30 21:24:28
1364684809,1364685072,u0,263,2013-03-30 23:06:49
1364686044,1364687173,u0,1129,2013-03-30 23:27:24
1364687424,1364688463,u0,1039,2013-03-30 23:50:24
1364689645,1364689776,u0,131,2013-03-31 00:27:25
1364695047,1364700646,u0,5599,2013-03-31 01:57:27
1364700656,1364701645,u0,989,2013-03-31 03:30:56
1364701896,1364702007,u0,111,2013-03-31 03:51:36
1364736413,1364737311,u0,898,2013-03-31 13:26:53
1364737521,1364738066,u0,545,2013-03-31 13:45:21
1364738537,1364740652,u0,2115,2013-03-31 14:02:17
1364741143,1364742001,u0,858,2013-03-31 14:45:43
1364742462,1364747968,u0,5506,2013-03-31 15:07:42
1364748209,1364752103,u0,3894,2013-03-31 16:43:29
1364752113,1364755825,u0,3712,2013-03-31 17:48:33
1364756328,1364759654,u0,3326,2013-03-31 18:58:48
1364760837,1364761078,u0,241,2013-03-31 20:13:57
1364767563,1364767634,u0,71,2013-03-31 22:06:03
1364767864,1364768137,u0,273,2013-03-31 22:11:04
1364771766,1364771846,u0,80,2013-03-31 23:16:06
1364772077,1364772137,u0,60,2013-03-31 23:21:17
1364772358,1364772469,u0,111,2013-03-31 23:25:58
1364772708,1364772779,u0,71,2013-03-31 23:31:48
1364774965,1364775147,u0,182,2013-04-01 00:09:25
1364776309,1364777076,u0,767,2013-04-01 00:31:49
1364777307,1364777418,u0,111,2013-04-01 00:48:27
1364778596,1364780148,u0,1552,2013-04-01 01:09:56
1364780372,1364780858,u0,486,2013-04-01 01:39:32
1364783244,1364783304,u0,60,2013-04-01 02:27:24
1364783315,1364783627,u0,312,2013-04-01 02:28:35
1364784089,1364784391,u0,302,2013-04-01 02:41:29
1364785133,1364785397,u0,264,2013-04-01 02:58:53
1364786350,1364786592,u0,242,2013-04-01 03:19:10
1364786832,1364786913,u0,81,2013-04-01 03:27:12
1364787133,1364787669,u0,536,2013-04-01 03:32:13
1364789392,1364789513,u0,121,2013-04-01 04:09:52
1364789974,1364790105,u0,131,2013-04-01 04:19:34
1364790837,1364790887,u0,50,2013-04-01 04:33:57
1364791619,1364791730,u0,111,2013-04-01 04:46:59
1364824644,1364826586,u0,1942,2013-04-01 13:57:24
1364826796,1364828814,u0,2018,2013-04-01 14:33:16
1364831452,1364834757,u0,3305,2013-04-01 15:50:52
1364834988,1364835724,u0,736,2013-04-01 16:49:48
1364835914,1364836247,u0,333,2013-04-01 17:05:14
1364840327,1364840478,u0,151,2013-04-01 18:18:47
1364841721,1364841872,u0,151,2013-04-01 18:42:01
1364842865,1364842955,u0,90,2013-04-01 19:01:05
1364846792,1364848203,u0,1411,2013-04-01 20:06:32
1364848424,1364848686,u0,262,2013-04-01 20:33:44
1364848907,1364849048,u0,141,2013-04-01 20:41:47
1364849279,1364849339,u0,60,2013-04-01 20:47:59
1364849590,1364849993,u0,403,2013-04-01 20:53:10
1364850224,1364850436,u0,212,2013-04-01 21:03:44
1364850657,1364852383,u0,1726,2013-04-01 21:10:57
1364852633,1364852835,u0,202,2013-04-01 21:43:53
1364853045,1364856586,u0,3541,2013-04-01 21:50:45
1364856827,1364857200,u0,373,2013-04-01 22:53:47
1364857429,1364859195,u0,1766,2013-04-01 23:03:49
1364869502,1364869931,u0,429,2013-04-02 02:25:02
1364871134,1364871195,u0,61,2013-04-02 02:52:14
1364872158,1364872340,u0,182,2013-04-02 03:09:18
1364872821,1364872912,u0,91,2013-04-02 03:20:21
1364874867,1364875028,u0,161,2013-04-02 03:54:27
1364875269,1364875390,u0,121,2013-04-02 04:01:09
1364876122,1364876222,u0,100,2013-04-02 04:15:22
1364879862,1364879922,u0,60,2013-04-02 05:17:42
1364901296,1364901356,u0,60,2013-04-02 11:14:56
1364914598,1364914648,u0,50,2013-04-02 14:56:38
1364915146,1364918060,u0,2914,2013-04-02 15:05:46
1364919503,1364919695,u0,192,2013-04-02 16:18:23
1364919915,1364920076,u0,161,2013-04-02 16:25:15
1364920117,1364920349,u0,232,2013-04-02 16:28:37
1364920829,1364920929,u0,100,2013-04-02 16:40:29
1364923346,1364923759,u0,413,2013-04-02 17:22:26
1364924010,1364924918,u0,908,2013-04-02 17:33:30
1364925610,1364931814,u0,6204,2013-04-02 18:00:10
1364932034,1364932468,u0,434,2013-04-02 19:47:14
1364932728,1364934432,u0,1704,2013-04-02 19:58:48
1364934703,1364935470,u0,767,2013-04-02 20:31:43
1364935691,1364936296,u0,605,2013-04-02 20:48:11
1364937028,1364937250,u0,222,2013-04-02 21:10:28
1364937500,1364937621,u0,121,2013-04-02 21:18:20
1364937892,1364938840,u0,948,2013-04-02 21:24:52
1364939071,1364941058,u0,1987,2013-04-02 21:44:31
1364941288,1364946856,u0,5568,2013-04-02 22:21:28
1364947117,1364948344,u0,1227,2013-04-02 23:58:37
1364949497,1364949628,u0,131,2013-04-03 00:38:17
1364951813,1364951884,u0,71,2013-04-03 01:16:53
1364952826,1364952967,u0,141,2013-04-03 01:33:46
1364953208,1364953248,u0,40,2013-04-03 01:40:08
1364953719,1364953891,u0,172,2013-04-03 01:48:39
1364954131,1364954333,u0,202,2013-04-03 01:55:31
1364954824,1364956216,u0,1392,2013-04-03 02:07:04
1364956416,1364956699,u0,283,2013-04-03 02:33:36
1364957139,1364957724,u0,585,2013-04-03 02:45:39
1364957975,1364958147,u0,172,2013-04-03 02:59:35
1364958177,1364958318,u0,141,2013-04-03 03:02:57
1364958779,1364958890,u0,111,2013-04-03 03:12:59
1364959120,1364959221,u0,101,2013-04-03 03:18:40
1364959441,1364959542,u0,101,2013-04-03 03:24:01
1364986971,1364987051,u0,80,2013-04-03 11:02:51
1365086410,1365086481,u0,71,2013-04-04 14:40:10
1365087693,1365090790,u0,3097,2013-04-04 15:01:33
1365090800,1365090880,u0,80,2013-04-04 15:53:20
1365092293,1365092789,u0,496,2013-04-04 16:18:13
1365098532,1365101871,u0,3339,2013-04-04 18:02:12
1365102342,1365102765,u0,423,2013-04-04 19:05:42
1365105872,1365106346,u0,474,2013-04-04 20:04:32
1365106366,1365107617,u0,1251,2013-04-04 20:12:46
1365107617,1365108484,u0,867,2013-04-04 20:33:37
1365108684,1365111619,u0,2935,2013-04-04 20:51:24
1365112131,1365113895,u0,1764,2013-04-04 21:48:51
1365113915,1365114248,u0,333,2013-04-04 22:18:35
1365114469,1365115396,u0,927,2013-04-04 22:27:49
1365115657,1365117754,u0,2097,2013-04-04 22:47:37
1365120872,1365120973,u0,101,2013-04-05 00:14:32
1365121193,1365122595,u0,1402,2013-04-05 00:19:53
1365123025,1365124992,u0,1967,2013-04-05 00:50:25
1365125192,1365125697,u0,505,2013-04-05 01:26:32
1365125937,1365126179,u0,242,2013-04-05 01:38:57
1365127112,1365127172,u0,60,2013-04-05 01:58:32
1365127674,1365127915,u0,241,2013-04-05 02:07:54
1365129099,1365129603,u0,504,2013-04-05 02:31:39
1365131978,1365132332,u0,354,2013-04-05 03:19:38
1365132362,1365132977,u0,615,2013-04-05 03:26:02
1365133218,1365133813,u0,595,2013-04-05 03:40:18
1365134254,1365134395,u0,141,2013-04-05 03:57:34
1365134615,1365134716,u0,101,2013-04-05 04:03:35
1365135177,1365135268,u0,91,2013-04-05 04:12:57
1365136441,1365136501,u0,60,2013-04-05 04:34:01
1365138917,1365138988,u0,71,2013-04-05 05:15:17
1365170680,1365174225,u0,3545,2013-04-05 14:04:40
1365174225,1365174407,u0,182,2013-04-05 15:03:45
1365175118,1365178780,u0,3662,2013-04-05 15:18:38
1365179041,1365179252,u0,211,2013-04-05 16:24:01
1365182159,1365182229,u0,70,2013-04-05 17:15:59
1365219970,1365220050,u0,80,2013-04-06 03:46:10
1365220531,1365220682,u0,151,2013-04-06 03:55:31
1365220912,1365224109,u0,3197,2013-04-06 04:01:52
1365224320,1365226196,u0,1876,2013-04-06 04:58:40
1365226425,1365227323,u0,898,2013-04-06 05:33:45
1365227795,1365229978,u0,2183,2013-04-06 05:56:35
1365267933,1365269364,u0,1431,2013-04-06 17:05:33
1365269585,1365269655,u0,70,2013-04-06 17:33:05
1365269886,1365270118,u0,232,2013-04-06 17:38:06
1365270349,1365271296,u0,947,2013-04-06 17:45:49
1365271317,1365271710,u0,393,2013-04-06 18:01:57
1365271751,1365272678,u0,927,2013-04-06 18:09:11
1365272688,1365273061,u0,373,2013-04-06 18:24:48
1365273302,1365273392,u0,90,2013-04-06 18:35:02
1365273643,1365275085,u0,1442,2013-04-06 18:40:43
1365275336,1365275498,u0,162,2013-04-06 19:08:56
1365276230,1365276774,u0,544,2013-04-06 19:23:50
1365277015,1365277348,u0,333,2013-04-06 19:36:55
1365277548,1365278769,u0,1221,2013-04-06 19:45:48
1365279009,1365279665,u0,656,2013-04-06 20:10:09
1365280146,1365280227,u0,81,2013-04-06 20:29:06
1365280448,1365280821,u0,373,2013-04-06 20:34:08
1365281051,1365281122,u0,71,2013-04-06 20:44:11
1365281583,1365281785,u0,202,2013-04-06 20:53:03
1365282016,1365283105,u0,1089,2013-04-06 21:00:16
1365283586,1365283707,u0,121,2013-04-06 21:26:26
1365283908,1365284684,u0,776,2013-04-06 21:31:48
1365285423,1365286913,u0,1490,2013-04-06 21:57:03
1365287164,1365288817,u0,1653,2013-04-06 22:26:04
1365289028,1365290218,u0,1190,2013-04-06 22:57:08
1365290489,1365291447,u0,958,2013-04-06 23:21:29
1365292379,1365292602,u0,223,2013-04-06 23:52:59
1365293293,1365293364,u0,71,2013-04-07 00:08:13
1365294808,1365294999,u0,191,2013-04-07 00:33:28
1365295450,1365295531,u0,81,2013-04-07 00:44:10
1365296012,1365296425,u0,413,2013-04-07 00:53:32
1365296656,1365296746,u0,90,2013-04-07 01:04:16
1365297197,1365297268,u0,71,2013-04-07 01:13:17
1365297499,1365301636,u0,4137,2013-04-07 01:18:19
1365301876,1365302542,u0,666,2013-04-07 02:31:16
1365303504,1365303636,u0,132,2013-04-07 02:58:24
1365304850,1365305584,u0,734,2013-04-07 03:20:50
1365305865,1365306067,u0,202,2013-04-07 03:37:45
1365307541,1365308115,u0,574,2013-04-07 04:05:41
1365308386,1365309495,u0,1109,2013-04-07 04:19:46
1365353006,1365353077,u0,71,2013-04-07 16:43:26
1365370366,1365371697,u0,1331,2013-04-07 21:32:46
1365371938,1365373894,u0,1956,2013-04-07 21:58:58
1365374175,1365374347,u0,172,2013-04-07 22:36:15
1365374567,1365375233,u0,666,2013-04-07 22:42:47
1365375703,1365376621,u0,918,2013-04-07 23:01:43
1365376851,1365377033,u0,182,2013-04-07 23:20:51
1365377514,1365377655,u0,141,2013-04-07 23:31:54
1365378117,1365378187,u0,70,2013-04-07 23:41:57
1365379621,1365379944,u0,323,2013-04-08 00:07:01
1365380635,1365380796,u0,161,2013-04-08 00:23:55
1365382260,1365382885,u0,625,2013-04-08 00:51:00
1365383106,1365383639,u0,533,2013-04-08 01:05:06
1365383882,1365384143,u0,261,2013-04-08 01:18:02
1365384595,1365385583,u0,988,2013-04-08 01:29:55
1365385824,1365386812,u0,988,2013-04-08 01:50:24
1365387062,1365389222,u0,2160,2013-04-08 02:11:02
1365389472,1365389825,u0,353,2013-04-08 02:51:12
1365391259,1365391369,u0,110,2013-04-08 03:20:59
1365391650,1365391741,u0,91,2013-04-08 03:27:30
1365392012,1365392123,u0,111,2013-04-08 03:33:32
1365392354,1365393534,u0,1180,2013-04-08 03:39:14
1365393565,1365393898,u0,333,2013-04-08 03:59:25
1365394149,1365394958,u0,809,2013-04-08 04:09:09
1365396361,1365396492,u0,131,2013-04-08 04:46:01
1365400095,1365400166,u0,71,2013-04-08 05:48:15
1365401108,1365401209,u0,101,2013-04-08 06:05:08
1365431043,1365431316,u0,273,2013-04-08 14:24:03
1365432038,1365432169,u0,131,2013-04-08 14:40:38
1365434105,1365434196,u0,91,2013-04-08 15:15:05
1365434436,1365437599,u0,3163,2013-04-08 15:20:36
1365437800,1365440341,u0,2541,2013-04-08 16:16:40
1365440572,1365441449,u0,877,2013-04-08 17:02:52
1365441490,1365441641,u0,151,2013-04-08 17:18:10
1365452214,1365453222,u0,1008,2013-04-08 20:16:54
1365453262,1365453343,u0,81,2013-04-08 20:34:22
1365454075,1365454186,u0,111,2013-04-08 20:47:55
1365454196,1365454488,u0,292,2013-04-08 20:49:56
1365457616,1365464625,u0,7009,2013-04-08 21:46:56
1365464835,1365465259,u0,424,2013-04-08 23:47:15
1365477288,1365477429,u0,141,2013-04-09 03:14:48
1365478913,1365478994,u0,81,2013-04-09 03:41:53
1365517011,1365517516,u0,505,2013-04-09 14:16:51
1365518719,1365518820,u0,101,2013-04-09 14:45:19
1365519740,1365523167,u0,3427,2013-04-09 15:02:20
1365523438,1365523559,u0,121,2013-04-09 16:03:58
1365525201,1365525342,u0,141,2013-04-09 16:33:21
1365530635,1365534932,u0,4297,2013-04-09 18:03:55
1365535894,1365535975,u0,81,2013-04-09 19:31:34
1365536195,1365536296,u0,101,2013-04-09 19:36:35
1365537459,1365537752,u0,293,2013-04-09 19:57:39
1365537762,1365538750,u0,988,2013-04-09 20:02:42
1365538960,1365539848,u0,888,2013-04-09 20:22:40
1365539888,1365543044,u0,3156,2013-04-09 20:38:08
1365543275,1365546563,u0,3288,2013-04-09 21:34:35
1365546773,1365547539,u0,766,2013-04-09 22:32:53
1365547570,1365548094,u0,524,2013-04-09 22:46:10
1365548114,1365548467,u0,353,2013-04-09 22:55:14
1365548688,1365550312,u0,1624,2013-04-09 23:04:48
1365550802,1365554835,u0,4033,2013-04-09 23:40:02
1365556740,1365556810,u0,70,2013-04-10 01:19:00
1365556820,1365556972,u0,152,2013-04-10 01:20:20
1365557964,1365558055,u0,91,2013-04-10 01:39:24
1365558296,1365558407,u0,111,2013-04-10 01:44:56
1365558417,1365558497,u0,80,2013-04-10 01:46:57
1365560423,1365560665,u0,242,2013-04-10 02:20:23
1365603660,1365606460,u0,2800,2013-04-10 14:21:00
1365607883,1365612211,u0,4328,2013-04-10 15:31:23
1365613414,1365613515,u0,101,2013-04-10 17:03:34
1365616872,1365617104,u0,232,2013-04-10 18:01:12
1365618567,1365618980,u0,413,2013-04-10 18:29:27
1365619952,1365620678,u0,726,2013-04-10 18:52:32
1365622843,1365622924,u0,81,2013-04-10 19:40:43
1365623425,1365623588,u0,163,2013-04-10 19:50:25
1365624499,1365625780,u0,1281,2013-04-10 20:08:19
1365626241,1365627048,u0,807,2013-04-10 20:37:21
1365627529,1365627670,u0,141,2013-04-10 20:58:49
1365627690,1365628487,u0,797,2013-04-10 21:01:30
1365628697,1365629635,u0,938,2013-04-10 21:18:17
1365630338,1365635550,u0,5212,2013-04-10 21:45:38
1365640835,1365641228,u0,393,2013-04-11 00:40:35
1365641679,1365641750,u0,71,2013-04-11 00:54:39
1365644396,1365644506,u0,110,2013-04-11 01:39:56
1365644978,1365650211,u0,5233,2013-04-11 01:49:38
1365650451,1365652700,u0,2249,2013-04-11 03:20:51
1365653422,1365653452,u0,30,2013-04-11 04:10:22
1365659235,1365659306,u0,71,2013-04-11 05:47:15
1365659526,1365659829,u0,303,2013-04-11 05:52:06
1365660313,1365660917,u0,604,2013-04-11 06:05:13
1365661168,1365661279,u0,111,2013-04-11 06:19:28
1365661530,1365661802,u0,272,2013-04-11 06:25:30
1365695230,1365695543,u0,313,2013-04-11 15:47:10
1365696224,1365700025,u0,3801,2013-04-11 16:03:44
1365701960,1365702011,u0,51,2013-04-11 17:39:20
1365702251,1365702423,u0,172,2013-04-11 17:44:11
1365702914,1365706979,u0,4065,2013-04-11 17:55:14
1365707009,1365709793,u0,2784,2013-04-11 19:03:29
1365710034,1365710598,u0,564,2013-04-11 19:53:54
1365710819,1365711353,u0,534,2013-04-11 20:06:59
1365711594,1365712955,u0,1361,2013-04-11 20:19:54
1365713186,1365713983,u0,797,2013-04-11 20:46:26
1365714183,1365715091,u0,908,2013-04-11 21:03:03
1365715111,1365720890,u0,5779,2013-04-11 21:18:31
1365720910,1365721061,u0,151,2013-04-11 22:55:10
1365721292,1365721413,u0,121,2013-04-11 23:01:32
1365721413,1365721503,u0,90,2013-04-11 23:03:33
1365731841,1365733303,u0,1462,2013-04-12 01:57:21
1365734233,1365734637,u0,404,2013-04-12 02:37:13
1365775975,1365776738,u0,763,2013-04-12 14:12:55
1365776969,1365779350,u0,2381,2013-04-12 14:29:29
1365781497,1365781826,u0,329,2013-04-12 15:44:57
1365783521,1365783844,u0,323,2013-04-12 16:18:41
1365802830,1365803586,u0,756,2013-04-12 21:40:30
1365803816,1365805410,u0,1594,2013-04-12 21:56:56
1365805611,1365808031,u0,2420,2013-04-12 22:26:51
1365808271,1365808877,u0,606,2013-04-12 23:11:11
1365809126,1365810186,u0,1060,2013-04-12 23:25:26
1365810427,1365810719,u0,292,2013-04-12 23:47:07
1365811471,1365811602,u0,131,2013-04-13 00:04:31
1365812033,1365816107,u0,4074,2013-04-13 00:13:53
1365819426,1365821220,u0,1794,2013-04-13 02:17:06
1365821250,1365826885,u0,5635,2013-04-13 02:47:30
1365868220,1365870217,u0,1997,2013-04-13 15:50:20
1365870438,1365870579,u0,141,2013-04-13 16:27:18
1365870799,1365873423,u0,2624,2013-04-13 16:33:19
1365873684,1365873905,u0,221,2013-04-13 17:21:24
1365874146,1365874760,u0,614,2013-04-13 17:29:06
1365875001,1365877000,u0,1999,2013-04-13 17:43:21
1365877230,1365879659,u0,2429,2013-04-13 18:20:30
1365879869,1365881040,u0,1171,2013-04-13 19:04:29
1365882954,1365883085,u0,131,2013-04-13 19:55:54
1365884017,1365884077,u0,60,2013-04-13 20:13:37
1365885060,1365885130,u0,70,2013-04-13 20:31:00
1365885842,1365885902,u0,60,2013-04-13 20:44:02
1365886373,1365886454,u0,81,2013-04-13 20:52:53
1365887697,1365890782,u0,3085,2013-04-13 21:14:57
1365892746,1365892807,u0,61,2013-04-13 22:39:06
1365897578,1365897921,u0,343,2013-04-13 23:59:38
1365898121,1365898363,u0,242,2013-04-14 00:08:41
1365898604,1365898664,u0,60,2013-04-14 00:16:44
1365898895,1365899238,u0,343,2013-04-14 00:21:35
1365904020,1365904080,u0,60,2013-04-14 01:47:00
1365907940,1365908061,u0,121,2013-04-14 02:52:20
1365908542,1365908814,u0,272,2013-04-14 03:02:22
1365908835,1365908906,u0,71,2013-04-14 03:07:15
1365909136,1365909318,u0,182,2013-04-14 03:12:16
1365909569,1365909750,u0,181,2013-04-14 03:19:29
1365909991,1365910122,u0,131,2013-04-14 03:26:31
1365911756,1365913602,u0,1846,2013-04-14 03:55:56
1365913822,1365913913,u0,91,2013-04-14 04:30:22
1365913934,1365914024,u0,90,2013-04-14 04:32:14
1365915171,1365915978,u0,807,2013-04-14 04:52:51
1365918864,1365919046,u0,182,2013-04-14 05:54:24
1365954845,1365955027,u0,182,2013-04-14 15:54:05
1365955508,1365962154,u0,6646,2013-04-14 16:05:08
1365962645,1365962907,u0,262,2013-04-14 18:04:05
1365963118,1365963743,u0,625,2013-04-14 18:11:58
1365963953,1365964599,u0,646,2013-04-14 18:25:53
1365964829,1365964980,u0,151,2013-04-14 18:40:29
1365966179,1365966381,u0,202,2013-04-14 19:02:59
1365967804,1365968682,u0,878,2013-04-14 19:30:04
1365968892,1365969074,u0,182,2013-04-14 19:48:12
1365969094,1365970446,u0,1352,2013-04-14 19:51:34
1365970477,1365971264,u0,787,2013-04-14 20:14:37
1365971464,1365973986,u0,2522,2013-04-14 20:31:04
1365974237,1365976406,u0,2169,2013-04-14 21:17:17
1365976626,1365977634,u0,1008,2013-04-14 21:57:06
1365983418,1365985123,u0,1705,2013-04-14 23:50:18
1365985364,1365986464,u0,1100,2013-04-15 00:22:44
1365986504,1365986716,u0,212,2013-04-15 00:41:44
1365986726,1365986797,u0,71,2013-04-15 00:45:26
1365987268,1365987480,u0,212,2013-04-15 00:54:28
1365989374,1365990544,u0,1170,2013-04-15 01:29:34
1365992429,1365992490,u0,61,2013-04-15 02:20:29
1366007176,1366007418,u0,242,2013-04-15 06:26:16
1366007649,1366007851,u0,202,2013-04-15 06:34:09
1366033281,1366033664,u0,383,2013-04-15 13:41:21
1366033895,1366033975,u0,80,2013-04-15 13:51:35
1366035148,1366038593,u0,3445,2013-04-15 14:12:28
1366038803,1366039478,u0,675,2013-04-15 15:13:23
1366039719,1366040597,u0,878,2013-04-15 15:28:39
1366041108,1366043680,u0,2572,2013-04-15 15:51:48
1366043701,1366044457,u0,756,2013-04-15 16:35:01
1366045409,1366045570,u0,161,2013-04-15 17:03:29
1366045781,1366045982,u0,201,2013-04-15 17:09:41
1366046203,1366046283,u0,80,2013-04-15 17:16:43
1366046755,1366046795,u0,40,2013-04-15 17:25:55
1366046815,1366046886,u0,71,2013-04-15 17:26:55
1366047126,1366047187,u0,61,2013-04-15 17:32:06
1366048840,1366049314,u0,474,2013-04-15 18:00:40
1366050287,1366050590,u0,303,2013-04-15 18:24:47
1366051071,1366052342,u0,1271,2013-04-15 18:37:51
1366053525,1366054251,u0,726,2013-04-15 19:18:45
1366054722,1366054893,u0,171,2013-04-15 19:38:42
1366055886,1366056007,u0,121,2013-04-15 19:58:06
1366056729,1366056789,u0,60,2013-04-15 20:12:09
1366057992,1366058557,u0,565,2013-04-15 20:33:12
1366058597,1366058920,u0,323,2013-04-15 20:43:17
1366062058,1366062451,u0,393,2013-04-15 21:40:58
1366062672,1366064781,u0,2109,2013-04-15 21:51:12
1366064992,1366065960,u0,968,2013-04-15 22:29:52
1366066200,1366067953,u0,1753,2013-04-15 22:50:00
1366068644,1366070964,u0,2320,2013-04-15 23:30:44
1366071164,1366071386,u0,222,2013-04-16 00:12:44
1366073531,1366073602,u0,71,2013-04-16 00:52:11
1366077902,1366078840,u0,938,2013-04-16 02:05:02
1366079061,1366079192,u0,131,2013-04-16 02:24:21
1366079402,1366080511,u0,1109,2013-04-16 02:30:02
1366081223,1366081385,u0,162,2013-04-16 03:00:23
1366081656,1366084501,u0,2845,2013-04-16 03:07:36
1366084531,1366084793,u0,262,2013-04-16 03:55:31
1366084994,1366085367,u0,373,2013-04-16 04:03:14
1366085597,1366085779,u0,182,2013-04-16 04:13:17
1366085999,1366086312,u0,313,2013-04-16 04:19:59
1366086813,1366087741,u0,928,2013-04-16 04:33:33
1366088022,1366089424,u0,1402,2013-04-16 04:53:42
1366089925,1366090399,u0,474,2013-04-16 05:25:25
1366124765,1366128163,u0,3398,2013-04-16 15:06:05
1366128885,1366128995,u0,110,2013-04-16 16:14:45
1366129956,1366130037,u0,81,2013-04-16 16:32:36
1366130288,1366130388,u0,100,2013-04-16 16:38:08
1366135159,1366141361,u0,6202,2013-04-16 17:59:19
1366141592,1366142257,u0,665,2013-04-16 19:46:32
1366142478,1366143425,u0,947,2013-04-16 20:01:18
1366143927,1366144794,u0,867,2013-04-16 20:25:27
1366145015,1366145498,u0,483,2013-04-16 20:43:35
1366145969,1366146161,u0,192,2013-04-16 20:59:29
1366146382,1366152190,u0,5808,2013-04-16 21:06:22
1366158416,1366158456,u0,40,2013-04-17 00:26:56
1366158687,1366165797,u0,7110,2013-04-17 00:31:27
1366167210,1366167587,u0,377,2013-04-17 02:53:30
1366167818,1366168766,u0,948,2013-04-17 03:03:38
1366169017,1366169319,u0,302,2013-04-17 03:23:37
1366169329,1366169571,u0,242,2013-04-17 03:28:49
1366170293,1366170434,u0,141,2013-04-17 03:44:53
1366170645,1366171481,u0,836,2013-04-17 03:50:45
1366171742,1366172640,u0,898,2013-04-17 04:09:02
1366206784,1366206935,u0,151,2013-04-17 13:53:04
1366207447,1366208539,u0,1092,2013-04-17 14:04:07
1366208539,1366212351,u0,3812,2013-04-17 14:22:19
1366212571,1366217625,u0,5054,2013-04-17 15:29:31
1366217886,1366218109,u0,223,2013-04-17 16:58:06
1366218344,1366218426,u0,82,2013-04-17 17:05:44
1366218667,1366218727,u0,60,2013-04-17 17:11:07
1366220631,1366220954,u0,323,2013-04-17 17:43:51
1366223119,1366223189,u0,70,2013-04-17 18:25:19
1366223420,1366223511,u0,91,2013-04-17 18:30:20
1366224734,1366224865,u0,131,2013-04-17 18:52:14
1366227973,1366228094,u0,121,2013-04-17 19:46:13
1366228565,1366229059,u0,494,2013-04-17 19:56:05
1366229069,1366229130,u0,61,2013-04-17 20:04:29
1366229601,1366234705,u0,5104,2013-04-17 20:13:21
1366235196,1366240612,u0,5416,2013-04-17 21:46:36
1366243480,1366243542,u0,62,2013-04-18 00:04:40
1366245697,1366246161,u0,464,2013-04-18 00:41:37
1366246392,1366247188,u0,796,2013-04-18 00:53:12
1366247418,1366250435,u0,3017,2013-04-18 01:10:18
1366250665,1366255305,u0,4640,2013-04-18 02:04:25
1366297369,1366300322,u0,2953,2013-04-18 15:02:49
1366300522,1366300925,u0,403,2013-04-18 15:55:22
1366301629,1366301750,u0,121,2013-04-18 16:13:49
1366302209,1366302552,u0,343,2013-04-18 16:23:29
1366302593,1366302855,u0,262,2013-04-18 16:29:53
1366307936,1366309883,u0,1947,2013-04-18 17:58:56
1366309913,1366312606,u0,2693,2013-04-18 18:31:53
1366312826,1366314137,u0,1311,2013-04-18 19:20:26
1366314348,1366314448,u0,100,2013-04-18 19:45:48
1366314940,1366315000,u0,60,2013-04-18 19:55:40
1366315251,1366315987,u0,736,2013-04-18 20:00:51
1366316448,1366317426,u0,978,2013-04-18 20:20:48
1366317647,1366317818,u0,171,2013-04-18 20:40:47
1366318320,1366318390,u0,70,2013-04-18 20:52:00
1366318872,1366319477,u0,605,2013-04-18 21:01:12
1366319948,1366320714,u0,766,2013-04-18 21:19:08
1366321216,1366321276,u0,60,2013-04-18 21:40:16
1366321476,1366322535,u0,1059,2013-04-18 21:44:36
1366322735,1366323179,u0,444,2013-04-18 22:05:35
1366323650,1366323982,u0,332,2013-04-18 22:20:50
1366324444,1366324545,u0,101,2013-04-18 22:34:04
1366324565,1366324676,u0,111,2013-04-18 22:36:05
1366324697,1366324777,u0,80,2013-04-18 22:38:17
1366324798,1366324858,u0,60,2013-04-18 22:39:58
1366325329,1366325531,u0,202,2013-04-18 22:48:49
1366326012,1366326184,u0,172,2013-04-18 23:00:12
1366327618,1366328213,u0,595,2013-04-18 23:26:58
1366328454,1366330594,u0,2140,2013-04-18 23:40:54
1366330794,1366332086,u0,1292,2013-04-19 00:19:54
1366332307,1366333932,u0,1625,2013-04-19 00:45:07
1366334163,1366335310,u0,1147,2013-04-19 01:16:03
1366335551,1366336530,u0,979,2013-04-19 01:39:11
1366336741,1366338647,u0,1906,2013-04-19 01:59:01
1366339316,1366343721,u0,4405,2013-04-19 02:41:56
1366345164,1366345305,u0,141,2013-04-19 04:19:24
1366346477,1366347012,u0,535,2013-04-19 04:41:17
1366377308,1366377560,u0,252,2013-04-19 13:15:08
1366377771,1366378013,u0,242,2013-04-19 13:22:51
1366379476,1366379517,u0,41,2013-04-19 13:51:16
1366380008,1366382980,u0,2972,2013-04-19 14:00:08
1366383231,1366384461,u0,1230,2013-04-19 14:53:51
1366384923,1366386324,u0,1401,2013-04-19 15:22:03
1366386545,1366389338,u0,2793,2013-04-19 15:49:05
1366389549,1366390920,u0,1371,2013-04-19 16:39:09
1366391161,1366391232,u0,71,2013-04-19 17:06:01
1366402065,1366402166,u0,101,2013-04-19 20:07:45
1366402407,1366402447,u0,40,2013-04-19 20:13:27
1366402688,1366403324,u0,636,2013-04-19 20:18:08
1366404005,1366404106,u0,101,2013-04-19 20:40:05
1366404317,1366404387,u0,70,2013-04-19 20:45:17
1366405850,1366405910,u0,60,2013-04-19 21:10:50
1366406351,1366407088,u0,737,2013-04-19 21:19:11
1366408291,1366408412,u0,121,2013-04-19 21:51:31
1366408642,1366409298,u0,656,2013-04-19 21:57:22
1366409308,1366409359,u0,51,2013-04-19 22:08:28
1366411073,1366411225,u0,152,2013-04-19 22:37:53
1366411235,1366411447,u0,212,2013-04-19 22:40:35
1366411877,1366411968,u0,91,2013-04-19 22:51:17
1366412900,1366414282,u0,1382,2013-04-19 23:08:20
1366415264,1366415486,u0,222,2013-04-19 23:47:44
1366415517,1366415607,u0,90,2013-04-19 23:51:57
1366416109,1366418843,u0,2734,2013-04-20 00:01:49
1366421990,1366422101,u0,111,2013-04-20 01:39:50
1366422592,1366423238,u0,646,2013-04-20 01:49:52
1366423479,1366425304,u0,1825,2013-04-20 02:04:39
1366425755,1366426360,u0,605,2013-04-20 02:42:35
1366426370,1366426865,u0,495,2013-04-20 02:52:50
1366427075,1366427590,u0,515,2013-04-20 03:04:35
1366427810,1366433177,u0,5367,2013-04-20 03:16:50
1366433388,1366436121,u0,2733,2013-04-20 04:49:48
1366471677,1366471738,u0,61,2013-04-20 15:27:57
1366474113,1366476524,u0,2411,2013-04-20 16:08:33
1366476754,1366477510,u0,756,2013-04-20 16:52:34
1366477721,1366478669,u0,948,2013-04-20 17:08:41
1366478940,1366479394,u0,454,2013-04-20 17:29:00
1366479645,1366480492,u0,847,2013-04-20 17:40:45
1366480733,1366482387,u0,1654,2013-04-20 17:58:53
1366482658,1366482789,u0,131,2013-04-20 18:30:58
1366482999,1366483776,u0,777,2013-04-20 18:36:39
1366483786,1366484038,u0,252,2013-04-20 18:49:46
1366491505,1366491606,u0,101,2013-04-20 20:58:25
1366492348,1366492550,u0,202,2013-04-20 21:12:28
1366492801,1366492862,u0,61,2013-04-20 21:20:01
1366495037,1366495178,u0,141,2013-04-20 21:57:17
1366497323,1366498069,u0,746,2013-04-20 22:35:23
1366498340,1366501608,u0,3268,2013-04-20 22:52:20
1366502079,1366502240,u0,161,2013-04-20 23:54:39
1366505367,1366505468,u0,101,2013-04-21 00:49:27
1366506220,1366506482,u0,262,2013-04-21 01:03:40
1366507214,1366507295,u0,81,2013-04-21 01:20:14
1366507786,1366507927,u0,141,2013-04-21 01:29:46
1366508650,1366509426,u0,776,2013-04-21 01:44:10
1366513275,1366513346,u0,71,2013-04-21 03:01:15
1366513587,1366516360,u0,2773,2013-04-21 03:06:27
1366516590,1366517962,u0,1372,2013-04-21 03:56:30
1366553302,1366553372,u0,70,2013-04-21 14:08:22
1366553623,1366553794,u0,171,2013-04-21 14:13:43
1366553804,1366553945,u0,141,2013-04-21 14:16:44
1366554196,1366554468,u0,272,2013-04-21 14:23:16
1366554699,1366557583,u0,2884,2013-04-21 14:31:39
1366558275,1366558799,u0,524,2013-04-21 15:31:15
1366559009,1366559251,u0,242,2013-04-21 15:43:29
1366559502,1366560511,u0,1009,2013-04-21 15:51:42
1366562682,1366564770,u0,2088,2013-04-21 16:44:42
1366566925,1366567127,u0,202,2013-04-21 17:55:25
1366569282,1366569383,u0,101,2013-04-21 18:34:42
1366570125,1366570196,u0,71,2013-04-21 18:48:45
1366570416,1366570648,u0,232,2013-04-21 18:53:36
1366571622,1366571814,u0,192,2013-04-21 19:13:42
1366572275,1366572396,u0,121,2013-04-21 19:24:35
1366572657,1366573482,u0,825,2013-04-21 19:30:57
1366574685,1366574806,u0,121,2013-04-21 20:04:45
1366575538,1366575749,u0,211,2013-04-21 20:18:58
1366576491,1366577510,u0,1019,2013-04-21 20:34:51
1366577761,1366578124,u0,363,2013-04-21 20:56:01
1366578364,1366578717,u0,353,2013-04-21 21:06:04
1366580893,1366580983,u0,90,2013-04-21 21:48:13
1366581475,1366582685,u0,1210,2013-04-21 21:57:55
1366582916,1366584005,u0,1089,2013-04-21 22:21:56
1366584246,1366584992,u0,746,2013-04-21 22:44:06
1366585493,1366587390,u0,1897,2013-04-21 23:04:53
1366587600,1366587701,u0,101,2013-04-21 23:40:00
1366587731,1366588124,u0,393,2013-04-21 23:42:11
1366588155,1366590848,u0,2693,2013-04-21 23:49:15
1366591319,1366591803,u0,484,2013-04-22 00:41:59
1366592044,1366592387,u0,343,2013-04-22 00:54:04
1366592627,1366592889,u0,262,2013-04-22 01:03:47
1366593350,1366593714,u0,364,2013-04-22 01:15:50
1366593734,1366594329,u0,595,2013-04-22 01:22:14
1366594550,1366597424,u0,2874,2013-04-22 01:35:50
1366597674,1366598451,u0,777,2013-04-22 02:27:54
1366598702,1366599237,u0,535,2013-04-22 02:45:02
1366639614,1366648728,u0,9114,2013-04-22 14:06:54
1366648989,1366649484,u0,495,2013-04-22 16:43:09
1366649934,1366650207,u0,273,2013-04-22 16:58:54
1366652102,1366652737,u0,635,2013-04-22 17:35:02
1366656306,1366656528,u0,222,2013-04-22 18:45:06
1366656979,1366657402,u0,423,2013-04-22 18:56:19
1366657643,1366657693,u0,50,2013-04-22 19:07:23
1366659137,1366659450,u0,313,2013-04-22 19:32:17
1366660893,1366661014,u0,121,2013-04-22 20:01:33
1366667251,1366667322,u0,71,2013-04-22 21:47:31
1366667560,1366670506,u0,2946,2013-04-22 21:52:40
1366670736,1366670908,u0,172,2013-04-22 22:45:36
1366672603,1366672765,u0,162,2013-04-22 23:16:43
1366673246,1366673508,u0,262,2013-04-22 23:27:26
1366673759,1366673981,u0,222,2013-04-22 23:35:59
1366674242,1366675775,u0,1533,2013-04-22 23:44:02
1366676246,1366676610,u0,364,2013-04-23 00:17:26
1366676630,1366678536,u0,1906,2013-04-23 00:23:50
1366678547,1366678738,u0,191,2013-04-23 00:55:47
1366678949,1366679059,u0,110,2013-04-23 01:02:29
1366679080,1366680533,u0,1453,2013-04-23 01:04:40
1366680543,1366681622,u0,1079,2013-04-23 01:29:03
1366681832,1366682508,u0,676,2013-04-23 01:50:32
1366683240,1366684238,u0,998,2013-04-23 02:14:00
1366684509,1366685467,u0,958,2013-04-23 02:35:09
1366686427,1366686659,u0,232,2013-04-23 03:07:07
1366687371,1366688733,u0,1362,2013-04-23 03:22:51
1366726977,1366727189,u0,212,2013-04-23 14:22:57
1366727189,1366727320,u0,131,2013-04-23 14:26:29
1366727801,1366728114,u0,313,2013-04-23 14:36:41
1366729063,1366729134,u0,71,2013-04-23 14:57:43
1366729364,1366731391,u0,2027,2013-04-23 15:02:44
1366731421,1366732864,u0,1443,2013-04-23 15:37:01
1366733087,1366733319,u0,232,2013-04-23 16:04:47
1366734750,1366734962,u0,212,2013-04-23 16:32:30
1366735693,1366735775,u0,82,2013-04-23 16:48:13
1366736014,1366736105,u0,91,2013-04-23 16:53:34
1366736335,1366738171,u0,1836,2013-04-23 16:58:55
1366740367,1366741415,u0,1048,2013-04-23 18:06:07
1366741446,1366743402,u0,1956,2013-04-23 18:24:06
1366743423,1366743463,u0,40,2013-04-23 18:57:03
1366743493,1366743594,u0,101,2013-04-23 18:58:13
1366743614,1366746872,u0,3258,2013-04-23 19:00:14
1366747794,1366750225,u0,2431,2013-04-23 20:09:54
1366750425,1366752190,u0,1765,2013-04-23 20:53:45
1366752421,1366752895,u0,474,2013-04-23 21:27:01
1366753125,1366753861,u0,736,2013-04-23 21:38:45
1366753872,1366757795,u0,3923,2013-04-23 21:51:12
1366761404,1366762049,u0,645,2013-04-23 23:56:44
1366762771,1366764233,u0,1462,2013-04-24 00:19:31
1366764464,1366765150,u0,686,2013-04-24 00:47:44
1366765862,1366766053,u0,191,2013-04-24 01:11:02
1366766254,1366767484,u0,1230,2013-04-24 01:17:34
1366767705,1366768784,u0,1079,2013-04-24 01:41:45
1366768794,1366770115,u0,1321,2013-04-24 01:59:54
1366770346,1366774279,u0,3933,2013-04-24 02:25:46
1366774489,1366776849,u0,2360,2013-04-24 03:34:49
1366777341,1366777623,u0,282,2013-04-24 04:22:21
1366777874,1366778025,u0,151,2013-04-24 04:31:14
1366778265,1366778386,u0,121,2013-04-24 04:37:45
1366778648,1366778779,u0,131,2013-04-24 04:44:08
1366779962,1366780073,u0,111,2013-04-24 05:06:02
1366780554,1366781018,u0,464,2013-04-24 05:15:54
1366781208,1366781440,u0,232,2013-04-24 05:26:48
1366781630,1366781751,u0,121,2013-04-24 05:33:50
1366782243,1366782344,u0,101,2013-04-24 05:44:03
1366782625,1366782796,u0,171,2013-04-24 05:50:25
1366783267,1366783610,u0,343,2013-04-24 06:01:07
1366784593,1366784835,u0,242,2013-04-24 06:23:13
1366785056,1366785177,u0,121,2013-04-24 06:30:56
1366811635,1366811998,u0,363,2013-04-24 13:53:55
1366812209,1366812552,u0,343,2013-04-24 14:03:29
1366812552,1366812622,u0,70,2013-04-24 14:09:12
1366812853,1366812994,u0,141,2013-04-24 14:14:13
1366813266,1366813528,u0,262,2013-04-24 14:21:06
1366814270,1366814421,u0,151,2013-04-24 14:37:50
1366815840,1366816556,u0,716,2013-04-24 15:04:00
1366816787,1366818340,u0,1553,2013-04-24 15:19:47
1366818591,1366820245,u0,1654,2013-04-24 15:49:51
1366820465,1366823063,u0,2598,2013-04-24 16:21:05
1366823274,1366823667,u0,393,2013-04-24 17:07:54
1366824128,1366824411,u0,283,2013-04-24 17:22:08
1366826577,1366826708,u0,131,2013-04-24 18:02:57
1366828130,1366828322,u0,192,2013-04-24 18:28:50
1366828803,1366828873,u0,70,2013-04-24 18:40:03
1366833906,1366836417,u0,2511,2013-04-24 20:05:06
1366836447,1366836639,u0,192,2013-04-24 20:47:27
1366836839,1366839986,u0,3147,2013-04-24 20:53:59
1366840197,1366844251,u0,4054,2013-04-24 21:49:57
1366844462,1366845672,u0,1210,2013-04-24 23:01:02
1366845692,1366845833,u0,141,2013-04-24 23:21:32
1366846084,1366846346,u0,262,2013-04-24 23:28:04
1366846577,1366847596,u0,1019,2013-04-24 23:36:17
1366847826,1366848119,u0,293,2013-04-24 23:57:06
1366848359,1366848611,u0,252,2013-04-25 00:05:59
1366848852,1366848942,u0,90,2013-04-25 00:14:12
1366849394,1366850492,u0,1098,2013-04-25 00:23:14
1366850743,1366850945,u0,202,2013-04-25 00:45:43
1366851667,1366852998,u0,1331,2013-04-25 01:01:07
1366853961,1366855151,u0,1190,2013-04-25 01:39:21
1366855179,1366859851,u0,4672,2013-04-25 01:59:39
1366860070,1366862984,u0,2914,2013-04-25 03:21:10
1366869219,1366869390,u0,171,2013-04-25 05:53:39
1366870613,1366870674,u0,61,2013-04-25 06:16:53
1366893239,1366893683,u0,444,2013-04-25 12:33:59
1366898712,1366898914,u0,202,2013-04-25 14:05:12
1366900588,1366900709,u0,121,2013-04-25 14:36:28
1366901190,1366901241,u0,51,2013-04-25 14:46:30
1366902452,1366902644,u0,192,2013-04-25 15:07:32
1366903115,1366903820,u0,705,2013-04-25 15:18:35
1366982572,1366982632,u0,60,2013-04-26 13:22:52
1366983375,1366983638,u0,263,2013-04-26 13:36:15
1367009577,1367009799,u0,222,2013-04-26 20:52:57
1367010019,1367013326,u0,3307,2013-04-26 21:00:19
1367013567,1367015221,u0,1654,2013-04-26 21:59:27
1367015421,1367017327,u0,1906,2013-04-26 22:30:21
1367017527,1367018255,u0,728,2013-04-26 23:05:27
1367179074,1367179659,u0,585,2013-04-28 19:57:54
1367179659,1367179729,u0,70,2013-04-28 20:07:39
1367179950,1367180424,u0,474,2013-04-28 20:12:30
1367181396,1367181476,u0,80,2013-04-28 20:36:36
1367181717,1367181979,u0,262,2013-04-28 20:41:57
1367182240,1367182563,u0,323,2013-04-28 20:50:40
1367182773,1367183529,u0,756,2013-04-28 20:59:33
1367183750,1367183881,u0,131,2013-04-28 21:15:50
1367187690,1367192591,u0,4901,2013-04-28 22:21:30
1367192832,1367192882,u0,50,2013-04-28 23:47:12
1367193093,1367194163,u0,1070,2013-04-28 23:51:33
1367194393,1367197531,u0,3138,2013-04-29 00:13:13
1367202855,1367204317,u0,1462,2013-04-29 02:34:15
1367205540,1367205671,u0,131,2013-04-29 03:19:00
1367208297,1367208398,u0,101,2013-04-29 04:04:57
1367211004,1367211407,u0,403,2013-04-29 04:50:04
1367211407,1367211488,u0,81,2013-04-29 04:56:47
1367211508,1367211710,u0,202,2013-04-29 04:58:28
1367211710,1367211861,u0,151,2013-04-29 05:01:50
1367212081,1367212233,u0,152,2013-04-29 05:08:01
1367212683,1367212865,u0,182,2013-04-29 05:18:03
1367241226,1367241579,u0,353,2013-04-29 13:13:46
1367241820,1367241971,u0,151,2013-04-29 13:23:40
1367245560,1367246024,u0,464,2013-04-29 14:26:00
1367248189,1367248683,u0,494,2013-04-29 15:09:49
1367248944,1367251799,u0,2855,2013-04-29 15:22:24
1367251829,1367252424,u0,595,2013-04-29 16:10:29
1367254108,1367254249,u0,141,2013-04-29 16:48:28
1367255236,1367255539,u0,303,2013-04-29 17:07:16
1367263957,1367264320,u0,363,2013-04-29 19:32:37
1367266695,1367267180,u0,485,2013-04-29 20:18:15
1367267441,1367267592,u0,151,2013-04-29 20:30:41
1367268805,1367268875,u0,70,2013-04-29 20:53:25
1367268886,1367268956,u0,70,2013-04-29 20:54:46
1367269407,1367269528,u0,121,2013-04-29 21:03:27
1367269769,1367269839,u0,70,2013-04-29 21:09:29
1367270060,1367270312,u0,252,2013-04-29 21:14:20
1367272938,1367273311,u0,373,2013-04-29 22:02:18
1367273783,1367273984,u0,201,2013-04-29 22:16:23
1367276208,1367278417,u0,2209,2013-04-29 22:56:48
1367278617,1367279384,u0,767,2013-04-29 23:36:57
1367279645,1367286507,u0,6862,2013-04-29 23:54:05
1367286717,1367288130,u0,1413,2013-04-30 01:51:57
1367288340,1367288985,u0,645,2013-04-30 02:19:00
1367289176,1367289862,u0,686,2013-04-30 02:32:56
1367290082,1367293078,u0,2996,2013-04-30 02:48:02
1367293078,1367293784,u0,706,2013-04-30 03:37:58
1367293995,1367294096,u0,101,2013-04-30 03:53:15
1367294617,1367295797,u0,1180,2013-04-30 04:03:37
1367297982,1367298083,u0,101,2013-04-30 04:59:42
1367325089,1367325250,u0,161,2013-04-30 12:31:29
1367336758,1367337231,u0,473,2013-04-30 15:45:58
1367337472,1367339398,u0,1926,2013-04-30 15:57:52
1367340581,1367341095,u0,514,2013-04-30 16:49:41
1367342539,1367342942,u0,403,2013-04-30 17:22:19
1367344887,1367349113,u0,4226,2013-04-30 18:01:27
1367374201,1367374493,u0,292,2013-05-01 02:10:01
1367374524,1367375391,u0,867,2013-05-01 02:15:24
1367375432,1367375654,u0,222,2013-05-01 02:30:32
1367375674,1367375835,u0,161,2013-05-01 02:34:34
1367375845,1367376339,u0,494,2013-05-01 02:37:25
1367376790,1367377274,u0,484,2013-05-01 02:53:10
1367377505,1367378231,u0,726,2013-05-01 03:05:05
1367378461,1367378602,u0,141,2013-05-01 03:21:01
1367378833,1367379297,u0,464,2013-05-01 03:27:13
1367379317,1367379589,u0,272,2013-05-01 03:35:17
1367380030,1367380736,u0,706,2013-05-01 03:47:10
1367380767,1367380827,u0,60,2013-05-01 03:59:27
1367381058,1367381834,u0,776,2013-05-01 04:04:18
1367382075,1367382327,u0,252,2013-05-01 04:21:15
1367382548,1367382800,u0,252,2013-05-01 04:29:08
1367383030,1367383182,u0,152,2013-05-01 04:37:10
1367385068,1367385320,u0,252,2013-05-01 05:11:08
1367385561,1367385652,u0,91,2013-05-01 05:19:21
1367386103,1367386244,u0,141,2013-05-01 05:28:23
1367386956,1367387148,u0,192,2013-05-01 05:42:36
1367387368,1367387509,u0,141,2013-05-01 05:49:28
1367387730,1367387952,u0,222,2013-05-01 05:55:30
1367388223,1367388303,u0,80,2013-05-01 06:03:43
1367388744,1367389036,u0,292,2013-05-01 06:12:24
1367421017,1367421118,u0,101,2013-05-01 15:10:17
1367421138,1367421239,u0,101,2013-05-01 15:12:18
1367421485,1367421697,u0,212,2013-05-01 15:18:05
1367421907,1367427402,u0,5495,2013-05-01 15:25:07
1367427873,1367427944,u0,71,2013-05-01 17:04:33
1367429588,1367430193,u0,605,2013-05-01 17:33:08
1367431877,1367432038,u0,161,2013-05-01 18:11:17
1367432259,1367432309,u0,50,2013-05-01 18:17:39
1367432540,1367432741,u0,201,2013-05-01 18:22:20
1367434164,1367434608,u0,444,2013-05-01 18:49:24
1367438676,1367438958,u0,282,2013-05-01 20:04:36
1367439209,1367440651,u0,1442,2013-05-01 20:13:29
1367440661,1367440762,u0,101,2013-05-01 20:37:41
1367441494,1367442887,u0,1393,2013-05-01 20:51:34
1367443338,1367443852,u0,514,2013-05-01 21:22:18
1367443862,1367444053,u0,191,2013-05-01 21:31:02
1367444074,1367444840,u0,766,2013-05-01 21:34:34
1367445090,1367445242,u0,152,2013-05-01 21:51:30
1367445452,1367445624,u0,172,2013-05-01 21:57:32
1367445884,1367446056,u0,172,2013-05-01 22:04:44
1367446767,1367448765,u0,1998,2013-05-01 22:19:27
1367449005,1367449550,u0,545,2013-05-01 22:56:45
1367449560,1367449711,u0,151,2013-05-01 23:06:00
1367449962,1367450960,u0,998,2013-05-01 23:12:42
1367451241,1367451904,u0,663,2013-05-01 23:34:01
1367452145,1367454244,u0,2099,2013-05-01 23:49:05
1367454464,1367454857,u0,393,2013-05-02 00:27:44
1367463743,1367464438,u0,695,2013-05-02 03:02:23
1367464628,1367468251,u0,3623,2013-05-02 03:17:08
1367469925,1367470132,u0,207,2013-05-02 04:45:25
1367470603,1367470885,u0,282,2013-05-02 04:56:43
1367471156,1367471751,u0,595,2013-05-02 05:05:56
1367502009,1367502322,u0,313,2013-05-02 13:40:09
1367502802,1367503425,u0,623,2013-05-02 13:53:22
1367503906,1367504037,u0,131,2013-05-02 14:11:46
1367504247,1367504509,u0,262,2013-05-02 14:17:27
1367505462,1367505512,u0,50,2013-05-02 14:37:42
1367542650,1367542791,u0,141,2013-05-03 00:57:30
1367548334,1367548395,u0,61,2013-05-03 02:32:14
1367550299,1367550582,u0,283,2013-05-03 03:04:59
1367550832,1367550984,u0,152,2013-05-03 03:13:52
1367551184,1367552676,u0,1492,2013-05-03 03:19:44
1367553168,1367553803,u0,635,2013-05-03 03:52:48
1367586695,1367587422,u0,727,2013-05-03 13:11:35
1367587692,1367587904,u0,212,2013-05-03 13:28:12
1367588385,1367588728,u0,343,2013-05-03 13:39:45
1367588979,1367589070,u0,91,2013-05-03 13:49:39
1367594107,1367594188,u0,81,2013-05-03 15:15:07
1367594710,1367594830,u0,120,2013-05-03 15:25:10
1367623402,1367627709,u0,4307,2013-05-03 23:23:22
1367628160,1367628341,u0,181,2013-05-04 00:42:40
1367628362,1367628503,u0,141,2013-05-04 00:46:02
1367629234,1367629890,u0,656,2013-05-04 01:00:34
1367630642,1367630965,u0,323,2013-05-04 01:24:02
1367631236,1367635290,u0,4054,2013-05-04 01:33:56
1367640091,1367643146,u0,3055,2013-05-04 04:01:31
1367643337,1367646837,u0,3500,2013-05-04 04:55:37
1367647078,1367647279,u0,201,2013-05-04 05:57:58
1367647479,1367649547,u0,2068,2013-05-04 06:04:39
1367658930,1367658981,u0,51,2013-05-04 09:15:30
1367671463,1367673744,u0,2281,2013-05-04 12:44:23
1367674226,1367676533,u0,2307,2013-05-04 13:30:26
1367678668,1367679173,u0,505,2013-05-04 14:44:28
1367679418,1367679942,u0,524,2013-05-04 14:56:58
1367681160,1367682956,u0,1796,2013-05-04 15:26:00
1367684148,1367685046,u0,898,2013-05-04 16:15:48
1367685086,1367685187,u0,101,2013-05-04 16:31:26
1367685197,1367685470,u0,273,2013-05-04 16:33:17
1367685480,1367685813,u0,333,2013-05-04 16:38:00
1367686264,1367686354,u0,90,2013-05-04 16:51:04
1367687046,1367687198,u0,152,2013-05-04 17:04:06
1367687418,1367687549,u0,131,2013-05-04 17:10:18
1367688261,1367692265,u0,4004,2013-05-04 17:24:21
1367692536,1367694372,u0,1836,2013-05-04 18:35:36
1367694623,1367695783,u0,1160,2013-05-04 19:10:23
1367696234,1367697102,u0,868,2013-05-04 19:37:14
1367697313,1367697525,u0,212,2013-05-04 19:55:13
1367698447,1367699274,u0,827,2013-05-04 20:14:07
1367699484,1367699555,u0,71,2013-05-04 20:31:24
1367700026,1367700137,u0,111,2013-05-04 20:40:26
1367700368,1367700499,u0,131,2013-05-04 20:46:08
1367700729,1367701093,u0,364,2013-05-04 20:52:09
1367701334,1367703767,u0,2433,2013-05-04 21:02:14
1367710230,1367711651,u0,1421,2013-05-04 23:30:30
1367711851,1367712567,u0,716,2013-05-04 23:57:31
1367715936,1367716339,u0,403,2013-05-05 01:05:36
1367716530,1367716610,u0,80,2013-05-05 01:15:30
1367716841,1367718031,u0,1190,2013-05-05 01:20:41
1367722130,1367722271,u0,141,2013-05-05 02:48:50
1367722752,1367722995,u0,243,2013-05-05 02:59:12
1367723235,1367723306,u0,71,2013-05-05 03:07:15
1367724018,1367724159,u0,141,2013-05-05 03:20:18
1367759222,1367759595,u0,373,2013-05-05 13:07:02
1367759826,1367760988,u0,1162,2013-05-05 13:17:06
1367761720,1367762133,u0,413,2013-05-05 13:48:40
1367762373,1367765257,u0,2884,2013-05-05 13:59:33
1367767883,1367767944,u0,61,2013-05-05 15:31:23
1367769157,1367769217,u0,60,2013-05-05 15:52:37
1367769468,1367769568,u0,100,2013-05-05 15:57:48
1367769799,1367769970,u0,171,2013-05-05 16:03:19
1367770973,1367771084,u0,111,2013-05-05 16:22:53
1367771535,1367771948,u0,413,2013-05-05 16:32:15
1367773161,1367774061,u0,900,2013-05-05 16:59:21
1367775840,1367776445,u0,605,2013-05-05 17:44:00
1367778631,1367778681,u0,50,2013-05-05 18:30:31
1367779891,1367779941,u0,50,2013-05-05 18:51:31
1367781637,1367781707,u0,70,2013-05-05 19:20:37
1367782891,1367783012,u0,121,2013-05-05 19:41:31
1367783232,1367783444,u0,212,2013-05-05 19:47:12
1367783675,1367786952,u0,3277,2013-05-05 19:54:35
1367787214,1367787627,u0,413,2013-05-05 20:53:34
1367787868,1367788069,u0,201,2013-05-05 21:04:28
1367788761,1367789184,u0,423,2013-05-05 21:19:21
1367789435,1367790665,u0,1230,2013-05-05 21:30:35
1367790866,1367792066,u0,1200,2013-05-05 21:54:26
1367792306,1367792498,u0,192,2013-05-05 22:18:26
1367792719,1367793586,u0,867,2013-05-05 22:25:19
1367793806,1367794664,u0,858,2013-05-05 22:43:26
1367794874,1367795802,u0,928,2013-05-05 23:01:14
1367796022,1367798421,u0,2399,2013-05-05 23:20:22
1367798913,1367800707,u0,1794,2013-05-06 00:08:33
1367801449,1367801600,u0,151,2013-05-06 00:50:49
1367803806,1367803978,u0,172,2013-05-06 01:30:06
1367804689,1367804800,u0,111,2013-05-06 01:44:49
1367805541,1367805632,u0,91,2013-05-06 01:59:01
1367805642,1367805784,u0,142,2013-05-06 02:00:42
1367806475,1367806556,u0,81,2013-05-06 02:14:35
1367807277,1367807378,u0,101,2013-05-06 02:27:57
1367807619,1367807669,u0,50,2013-05-06 02:33:39
1367841094,1367841346,u0,252,2013-05-06 11:51:34
1367841818,1367842261,u0,443,2013-05-06 12:03:38
1367842472,1367842673,u0,201,2013-05-06 12:14:32
1367843134,1367843850,u0,716,2013-05-06 12:25:34
1367844332,1367844725,u0,393,2013-05-06 12:45:32
1367844956,1367845107,u0,151,2013-05-06 12:55:56
1367845127,1367845238,u0,111,2013-05-06 12:58:47
1367845499,1367845872,u0,373,2013-05-06 13:04:59
1367846574,1367846664,u0,90,2013-05-06 13:22:54
1367847125,1367847196,u0,71,2013-05-06 13:32:05
1367851502,1367851775,u0,273,2013-05-06 14:45:02
1367852517,1367852708,u0,191,2013-05-06 15:01:57
1367852959,1367853293,u0,334,2013-05-06 15:09:19
1367853522,1367857759,u0,4237,2013-05-06 15:18:42
1367858481,1367858572,u0,91,2013-05-06 16:41:21
1367971544,1367971614,u0,70,2013-05-08 00:05:44
1367971835,1367972026,u0,191,2013-05-08 00:10:35
1367972517,1367972800,u0,283,2013-05-08 00:21:57
1367973281,1367973341,u0,60,2013-05-08 00:34:41
1367973362,1367973584,u0,222,2013-05-08 00:36:02
1367973825,1367974350,u0,525,2013-05-08 00:43:45
1367975091,1367979145,u0,4054,2013-05-08 01:04:51
1367979355,1367980303,u0,948,2013-05-08 02:15:55
1367980794,1367981026,u0,232,2013-05-08 02:39:54
1367981281,1367981341,u0,60,2013-05-08 02:48:01
1367982284,1367982394,u0,110,2013-05-08 03:04:44
1367982665,1367982786,u0,121,2013-05-08 03:11:05
1367982997,1367983501,u0,504,2013-05-08 03:16:37
1367983721,1367983983,u0,262,2013-05-08 03:28:41
1368024817,1368024978,u0,161,2013-05-08 14:53:37
1368059556,1368060069,u0,513,2013-05-09 00:32:36
1368060560,1368068493,u0,7933,2013-05-09 00:49:20
1368068724,1368070075,u0,1351,2013-05-09 03:05:24
1368070284,1368070985,u0,701,2013-05-09 03:31:24
1368071206,1368071286,u0,80,2013-05-09 03:46:46
1368071487,1368073121,u0,1634,2013-05-09 03:51:27
1368073351,1368078654,u0,5303,2013-05-09 04:22:31
1368111888,1368114561,u0,2673,2013-05-09 15:04:48
1368116947,1368116997,u0,50,2013-05-09 16:29:07
1368139102,1368139948,u0,846,2013-05-09 22:38:22
1368140187,1368142466,u0,2279,2013-05-09 22:56:27
1368142486,1368143114,u0,628,2013-05-09 23:34:46
1368143312,1368143403,u0,91,2013-05-09 23:48:32
1368143623,1368143755,u0,132,2013-05-09 23:53:43
1368145679,1368145770,u0,91,2013-05-10 00:27:59
1368146020,1368146454,u0,434,2013-05-10 00:33:40
1368148831,1368148942,u0,111,2013-05-10 01:20:31
1368150415,1368150516,u0,101,2013-05-10 01:46:55
1368152461,1368152531,u0,70,2013-05-10 02:21:01
1368155420,1368155490,u0,70,2013-05-10 03:10:20
1368156913,1368156983,u0,70,2013-05-10 03:35:13
1368157434,1368157625,u0,191,2013-05-10 03:43:54
1368158367,1368158468,u0,101,2013-05-10 03:59:27
1368158488,1368158549,u0,61,2013-05-10 04:01:28
1368160193,1368160677,u0,484,2013-05-10 04:29:53
1368191199,1368191522,u0,323,2013-05-10 13:06:39
1368191752,1368191924,u0,172,2013-05-10 13:15:52
1368192174,1368192437,u0,263,2013-05-10 13:22:54
1368192637,1368193737,u0,1100,2013-05-10 13:30:37
1368200713,1368200894,u0,181,2013-05-10 15:45:13
1368215559,1368215629,u0,70,2013-05-10 19:52:39
1368216311,1368216674,u0,363,2013-05-10 20:05:11
1368236412,1368236583,u0,171,2013-05-11 01:40:12
1368237535,1368243140,u0,5605,2013-05-11 01:58:55
1368243350,1368246436,u0,3086,2013-05-11 03:35:50
1368246888,1368247422,u0,534,2013-05-11 04:34:48
1368247663,1368247744,u0,81,2013-05-11 04:47:43
1368250152,1368254799,u0,4647,2013-05-11 05:29:12
1368284512,1368284955,u0,443,2013-05-11 15:01:52
1368286597,1368287131,u0,534,2013-05-11 15:36:37
1368287402,1368287886,u0,484,2013-05-11 15:50:02
1368288839,1368289323,u0,484,2013-05-11 16:13:59
1368289533,1368291923,u0,2390,2013-05-11 16:25:33
1368292123,1368293283,u0,1160,2013-05-11 17:08:43
1368293503,1368296448,u0,2945,2013-05-11 17:31:43
1368296699,1368297677,u0,978,2013-05-11 18:24:59
1368297908,1368298755,u0,847,2013-05-11 18:45:08
1368298965,1368299409,u0,444,2013-05-11 19:02:45
1368301093,1368301174,u0,81,2013-05-11 19:38:13
1368304040,1368304251,u0,211,2013-05-11 20:27:20
1368313662,1368314086,u0,424,2013-05-11 23:07:42
1368314306,1368314528,u0,222,2013-05-11 23:18:26
1368315491,1368316973,u0,1482,2013-05-11 23:38:11
1368318168,1368318400,u0,232,2013-05-12 00:22:48
1368318631,1368318864,u0,233,2013-05-12 00:30:31
1368320077,1368320843,u0,766,2013-05-12 00:54:37
1368320863,1368321146,u0,283,2013-05-12 01:07:43
1368329095,1368329196,u0,101,2013-05-12 03:24:55
1368329437,1368330263,u0,826,2013-05-12 03:30:37
1368330274,1368330768,u0,494,2013-05-12 03:44:34
1368330778,1368331303,u0,525,2013-05-12 03:52:58
1368331534,1368331826,u0,292,2013-05-12 04:05:34
1368332067,1368332339,u0,272,2013-05-12 04:14:27
1368397400,1368398267,u0,867,2013-05-12 22:23:20
1368398498,1368398962,u0,464,2013-05-12 22:41:38
1368399233,1368401654,u0,2421,2013-05-12 22:53:53
1368401841,1368402103,u0,262,2013-05-12 23:37:21
1368404729,1368404911,u0,182,2013-05-13 00:25:29
1368405182,1368405313,u0,131,2013-05-13 00:33:02
1368411518,1368412194,u0,676,2013-05-13 02:18:38
1368412455,1368412858,u0,403,2013-05-13 02:34:15
1368413109,1368413260,u0,151,2013-05-13 02:45:09
1368413521,1368413894,u0,373,2013-05-13 02:52:01
1368416760,1368417032,u0,272,2013-05-13 03:46:00
1368417293,1368417716,u0,423,2013-05-13 03:54:53
1368417978,1368418159,u0,181,2013-05-13 04:06:18
1368418400,1368418571,u0,171,2013-05-13 04:13:20
1368418812,1368419154,u0,342,2013-05-13 04:20:12
1368448988,1368449159,u0,171,2013-05-13 12:43:08
1368449872,1368450114,u0,242,2013-05-13 12:57:52
1368450845,1368451168,u0,323,2013-05-13 13:14:05
1368451419,1368451630,u0,211,2013-05-13 13:23:39
1368451871,1368452294,u0,423,2013-05-13 13:31:11
1368453714,1368454007,u0,293,2013-05-13 14:01:54
1368454017,1368454108,u0,91,2013-05-13 14:06:57
1368454318,1368454671,u0,353,2013-05-13 14:11:58
1368454912,1368457646,u0,2734,2013-05-13 14:21:52
1368458097,1368458380,u0,283,2013-05-13 15:14:57
1368459603,1368459663,u0,60,2013-05-13 15:40:03
1368460636,1368460727,u0,91,2013-05-13 15:57:16
1368461478,1368461569,u0,91,2013-05-13 16:11:18
1368472896,1368472966,u0,70,2013-05-13 19:21:36
1368473919,1368474151,u0,232,2013-05-13 19:38:39
1368474382,1368474745,u0,363,2013-05-13 19:46:22
1368475718,1368475930,u0,212,2013-05-13 20:08:38
1368478105,1368478347,u0,242,2013-05-13 20:48:25
1368478568,1368479899,u0,1331,2013-05-13 20:56:08
1368480378,1368481285,u0,907,2013-05-13 21:26:18
1368566122,1368575482,u0,9360,2013-05-14 21:15:22
1368577186,1368577246,u0,60,2013-05-15 00:19:46
1368580384,1368580616,u0,232,2013-05-15 01:13:04
1368582992,1368583375,u0,383,2013-05-15 01:56:32
1368583606,1368584707,u0,1101,2013-05-15 02:06:46
1368584947,1368585442,u0,495,2013-05-15 02:29:07
1368588098,1368588793,u0,695,2013-05-15 03:21:38
1368616882,1368616953,u0,71,2013-05-15 11:21:22
1368626327,1368627281,u0,954,2013-05-15 13:58:47
1368627813,1368628065,u0,252,2013-05-15 14:23:33
1368628526,1368629302,u0,776,2013-05-15 14:35:26
1368629502,1368629734,u0,232,2013-05-15 14:51:42
1368629975,1368631216,u0,1241,2013-05-15 14:59:35
1368631670,1368633012,u0,1342,2013-05-15 15:27:50
1368633232,1368634220,u0,988,2013-05-15 15:53:52
1368634430,1368635631,u0,1201,2013-05-15 16:13:50
1368635891,1368636678,u0,787,2013-05-15 16:38:11
1368637850,1368637991,u0,141,2013-05-15 17:10:50
1368639425,1368639546,u0,121,2013-05-15 17:37:05
1368643164,1368643275,u0,111,2013-05-15 18:39:24
1368643735,1368643846,u0,111,2013-05-15 18:48:55
1368644368,1368644458,u0,90,2013-05-15 18:59:28
1368644489,1368644559,u0,70,2013-05-15 19:01:29
1368644769,1368645021,u0,252,2013-05-15 19:06:09
1368645502,1368645744,u0,242,2013-05-15 19:18:22
1368646225,1368646386,u0,161,2013-05-15 19:30:25
1368646386,1368646538,u0,152,2013-05-15 19:33:06
1368647209,1368648389,u0,1180,2013-05-15 19:46:49
1368648610,1368649427,u0,817,2013-05-15 20:10:10
1368651778,1368659898,u0,8120,2013-05-15 21:02:58
1368660379,1368661719,u0,1340,2013-05-15 23:26:19
1368674110,1368674231,u0,121,2013-05-16 03:15:10
1368678039,1368678473,u0,434,2013-05-16 04:20:39
1368679425,1368679495,u0,70,2013-05-16 04:43:45
1368714104,1368714609,u0,505,2013-05-16 14:21:44
1368715317,1368715367,u0,50,2013-05-16 14:41:57
1368807005,1368808357,u0,1352,2013-05-17 16:10:05
1368808578,1368809305,u0,727,2013-05-17 16:36:18
1368809532,1368809958,u0,426,2013-05-17 16:52:12
1368812133,1368812254,u0,121,2013-05-17 17:35:33
1368812474,1368812605,u0,131,2013-05-17 17:41:14
1368815753,1368817410,u0,1657,2013-05-17 18:35:53
1368818363,1368819950,u0,1587,2013-05-17 19:19:23
1368820159,1368822882,u0,2723,2013-05-17 19:49:19
1368823133,1368823274,u0,141,2013-05-17 20:38:53
1368823555,1368832905,u0,9350,2013-05-17 20:45:55
1368833145,1368833377,u0,232,2013-05-17 23:25:45
1368833638,1368834031,u0,393,2013-05-17 23:33:58
1368834272,1368834958,u0,686,2013-05-17 23:44:32
1368835419,1368835933,u0,514,2013-05-18 00:03:39
1368836143,1368837182,u0,1039,2013-05-18 00:15:43
1368837653,1368838118,u0,465,2013-05-18 00:40:53
1368838148,1368838430,u0,282,2013-05-18 00:49:08
1368838651,1368841072,u0,2421,2013-05-18 00:57:31
1368841303,1368842130,u0,827,2013-05-18 01:41:43
1368842381,1368843440,u0,1059,2013-05-18 01:59:41
1368843640,1368850581,u0,6941,2013-05-18 02:20:40
1368850802,1368853369,u0,2567,2013-05-18 04:20:02
1368853379,1368853863,u0,484,2013-05-18 05:02:59
1368854084,1368854215,u0,131,2013-05-18 05:14:44
1368854475,1368856727,u0,2252,2013-05-18 05:21:15
1368856968,1368857321,u0,353,2013-05-18 06:02:48
1368857351,1368857452,u0,101,2013-05-18 06:09:11
1368857682,1368857803,u0,121,2013-05-18 06:14:42
1368859969,1368861310,u0,1341,2013-05-18 06:52:49
1368861531,1368862508,u0,977,2013-05-18 07:18:51
1368887740,1368888204,u0,464,2013-05-18 14:35:40
1368888465,1368889544,u0,1079,2013-05-18 14:47:45
1368890978,1368892299,u0,1321,2013-05-18 15:29:38
1368892780,1368893456,u0,676,2013-05-18 15:59:40
1368893686,1368893918,u0,232,2013-05-18 16:14:46
1368894408,1368895103,u0,695,2013-05-18 16:26:48
1368895114,1368895325,u0,211,2013-05-18 16:38:34
1368895546,1368895838,u0,292,2013-05-18 16:45:46
1368895868,1368901526,u0,5658,2013-05-18 16:51:08
1368901787,1368904561,u0,2774,2013-05-18 18:29:47
1368997094,1368997326,u0,232,2013-05-19 20:58:14
1369064127,1369064248,u0,121,2013-05-20 15:35:27
1369064498,1369067882,u0,3384,2013-05-20 15:41:38
1369068103,1369068334,u0,231,2013-05-20 16:41:43
1369068365,1369068749,u0,384,2013-05-20 16:46:05
1369068780,1369069173,u0,393,2013-05-20 16:53:00
1369071357,1369071589,u0,232,2013-05-20 17:35:57
1369077121,1369077182,u0,61,2013-05-20 19:12:01
1369080038,1369080130,u0,92,2013-05-20 20:00:38
1369080360,1369080703,u0,343,2013-05-20 20:06:00
1369084168,1369086668,u0,2500,2013-05-20 21:09:28
1369087349,1369087652,u0,303,2013-05-20 22:02:29
1369088857,1369089785,u0,928,2013-05-20 22:27:37
1369090497,1369091141,u0,644,2013-05-20 22:54:57
1369091402,1369091745,u0,343,2013-05-20 23:10:02
1369094411,1369094764,u0,353,2013-05-21 00:00:11
1369095486,1369095688,u0,202,2013-05-21 00:18:06
1369095708,1369095889,u0,181,2013-05-21 00:21:48
1369097573,1369097714,u0,141,2013-05-21 00:52:53
1369098908,1369099069,u0,161,2013-05-21 01:15:08
1369099340,1369099411,u0,71,2013-05-21 01:22:20
1369099641,1369099691,u0,50,2013-05-21 01:27:21
1369156885,1369156945,u0,60,2013-05-21 17:21:25
1369252088,1369252753,u0,665,2013-05-22 19:48:08
1369253004,1369255858,u0,2854,2013-05-22 20:03:24
1369256069,1369256653,u0,584,2013-05-22 20:54:29
1369256914,1369260475,u0,3561,2013-05-22 21:08:34
1369262610,1369263629,u0,1019,2013-05-22 22:43:30
1369264131,1369264272,u0,141,2013-05-22 23:08:51
1369340493,1369340644,u0,151,2013-05-23 20:21:33
1369351719,1369351890,u0,171,2013-05-23 23:28:39
1369353324,1369361836,u0,8512,2013-05-23 23:55:24
1369362788,1369363030,u0,242,2013-05-24 02:33:08
1369363491,1369365296,u0,1805,2013-05-24 02:44:51
1369367200,1369367301,u0,101,2013-05-24 03:46:40
1369367511,1369367572,u0,61,2013-05-24 03:51:51
1369367592,1369367723,u0,131,2013-05-24 03:53:12
1369367934,1369368065,u0,131,2013-05-24 03:58:54
1369368075,1369368176,u0,101,2013-05-24 04:01:15
1369368877,1369369200,u0,323,2013-05-24 04:14:37
1369369210,1369369361,u0,151,2013-05-24 04:20:10
1369369381,1369369643,u0,262,2013-05-24 04:23:01
1369370345,1369370769,u0,424,2013-05-24 04:39:05
1369370779,1369371223,u0,444,2013-05-24 04:46:19
1369371233,1369371405,u0,172,2013-05-24 04:53:53
1369371656,1369371868,u0,212,2013-05-24 05:00:56
1369373030,1369373131,u0,101,2013-05-24 05:23:50
1369373331,1369373906,u0,575,2013-05-24 05:28:51
1369374117,1369374449,u0,332,2013-05-24 05:41:57
1369375131,1369375262,u0,131,2013-05-24 05:58:51
1369376695,1369376968,u0,273,2013-05-24 06:24:55
1369377649,1369378183,u0,534,2013-05-24 06:40:49
1369402701,1369403800,u0,1099,2013-05-24 13:38:21
1369403801,1369404527,u0,726,2013-05-24 13:56:41
1369424943,1369426394,u0,1451,2013-05-24 19:49:03
1369426886,1369431103,u0,4217,2013-05-24 20:21:26
1369435153,1369439507,u0,4354,2013-05-24 22:39:13
1369439727,1369441209,u0,1482,2013-05-24 23:55:27
1369442181,1369446972,u0,4791,2013-05-25 00:36:21
1369446982,1369451745,u0,4763,2013-05-25 01:56:22
1369451966,1369453892,u0,1926,2013-05-25 03:19:26
1369454143,1369454821,u0,678,2013-05-25 03:55:43
1369455039,1369455190,u0,151,2013-05-25 04:10:39
1369457144,1369457326,u0,182,2013-05-25 04:45:44
1369457567,1369457658,u0,91,2013-05-25 04:52:47
1369459612,1369459854,u0,242,2013-05-25 05:26:52
1369461057,1369461512,u0,455,2013-05-25 05:50:57
1369462264,1369462466,u0,202,2013-05-25 06:11:04
1369462737,1369463301,u0,564,2013-05-25 06:18:57
1369491706,1369491958,u0,252,2013-05-25 14:21:46
1369492178,1369492249,u0,71,2013-05-25 14:29:38
1369493933,1369494104,u0,171,2013-05-25 14:58:53
1369496730,1369497352,u0,622,2013-05-25 15:45:30
1369497572,1369498914,u0,1342,2013-05-25 15:59:32
1369499124,1369499831,u0,707,2013-05-25 16:25:24
1369500092,1369500940,u0,848,2013-05-25 16:41:32
1369503564,1369503735,u0,171,2013-05-25 17:39:24
1369507856,1369508008,u0,152,2013-05-25 18:50:56
1369511877,1369511947,u0,70,2013-05-25 19:57:57
1369512398,1369513275,u0,877,2013-05-25 20:06:38
1369513476,1369513617,u0,141,2013-05-25 20:24:36
1369514098,1369514925,u0,827,2013-05-25 20:34:58
1369515407,1369515981,u0,574,2013-05-25 20:56:47
1369516172,1369516424,u0,252,2013-05-25 21:09:32
1369516655,1369516786,u0,131,2013-05-25 21:17:35
1369517978,1369523461,u0,5483,2013-05-25 21:39:38
1369524895,1369525339,u0,444,2013-05-25 23:34:55
1369527735,1369528017,u0,282,2013-05-26 00:22:15
1369528037,1369528491,u0,454,2013-05-26 00:27:17
1369528762,1369529206,u0,444,2013-05-26 00:39:22
1369529236,1369529347,u0,111,2013-05-26 00:47:16
1369529598,1369529658,u0,60,2013-05-26 00:53:18
1369530140,1369530533,u0,393,2013-05-26 01:02:20
1369531025,1369531156,u0,131,2013-05-26 01:17:05
1369531397,1369531548,u0,151,2013-05-26 01:23:17
1369531568,1369531921,u0,353,2013-05-26 01:26:08
1369532664,1369532805,u0,141,2013-05-26 01:44:24
1369538830,1369539799,u0,969,2013-05-26 03:27:10
1369542434,1369542585,u0,151,2013-05-26 04:27:14
1369549287,1369549469,u0,182,2013-05-26 06:21:27
1369577345,1369579836,u0,2491,2013-05-26 14:09:05
1369580066,1369580197,u0,131,2013-05-26 14:54:26
1369580427,1369581123,u0,696,2013-05-26 15:00:27
1369581134,1369585541,u0,4407,2013-05-26 15:12:14
1369585741,1369586296,u0,555,2013-05-26 16:29:01
1369586556,1369586627,u0,71,2013-05-26 16:42:36
1369586837,1369586948,u0,111,2013-05-26 16:47:17
1369613390,1369613632,u0,242,2013-05-27 00:09:50
1369613652,1369613703,u0,51,2013-05-27 00:14:12
1369613933,1369614095,u0,162,2013-05-27 00:18:53
1369614376,1369614517,u0,141,2013-05-27 00:26:16
1369614537,1369614749,u0,212,2013-05-27 00:28:57
1369615220,1369615422,u0,202,2013-05-27 00:40:20
1369617105,1369617307,u0,202,2013-05-27 01:11:45
1369617327,1369617428,u0,101,2013-05-27 01:15:27
1369618401,1369618451,u0,50,2013-05-27 01:33:21
1369618912,1369619327,u0,415,2013-05-27 01:41:52
1369619588,1369620304,u0,716,2013-05-27 01:53:08
1369624174,1369624245,u0,71,2013-05-27 03:09:34
1369629748,1369629819,u0,71,2013-05-27 04:42:28
1369659838,1369660120,u0,282,2013-05-27 13:03:58
1369661294,1369661404,u0,110,2013-05-27 13:28:14
1369661655,1369661998,u0,343,2013-05-27 13:34:15
1369663211,1369663423,u0,212,2013-05-27 14:00:11
1369664115,1369664394,u0,279,2013-05-27 14:15:15
1369664424,1369664484,u0,60,2013-05-27 14:20:24
1369665206,1369665377,u0,171,2013-05-27 14:33:26
1369666560,1369666792,u0,232,2013-05-27 14:56:00
1369667043,1369667184,u0,141,2013-05-27 15:04:03
1369667635,1369667756,u0,121,2013-05-27 15:13:55
1369667777,1369668059,u0,282,2013-05-27 15:16:17
1369668330,1369668501,u0,171,2013-05-27 15:25:30
1369669924,1369670065,u0,141,2013-05-27 15:52:04
1369670286,1369670487,u0,201,2013-05-27 15:58:06
1369670738,1369670859,u0,121,2013-05-27 16:05:38
1369671069,1369671514,u0,445,2013-05-27 16:11:09
1369671735,1369672330,u0,595,2013-05-27 16:22:15
1369672360,1369675346,u0,2986,2013-05-27 16:32:40
1369675577,1369680177,u0,4600,2013-05-27 17:26:17
1369704996,1369705399,u0,403,2013-05-28 01:36:36
1369705851,1369706284,u0,433,2013-05-28 01:50:51
1369706525,1369706717,u0,192,2013-05-28 02:02:05
1369707177,1369707248,u0,71,2013-05-28 02:12:57
1369707951,1369708243,u0,292,2013-05-28 02:25:51
1369708253,1369708596,u0,343,2013-05-28 02:30:53
1369709120,1369709220,u0,100,2013-05-28 02:45:20
1369709471,1369709814,u0,343,2013-05-28 02:51:11
1369709824,1369710036,u0,212,2013-05-28 02:57:04
1369710297,1369710438,u0,141,2013-05-28 03:04:57
1369710648,1369711011,u0,363,2013-05-28 03:10:48
1369711022,1369711082,u0,60,2013-05-28 03:17:02
1369711583,1369712007,u0,424,2013-05-28 03:26:23
1369712468,1369712722,u0,254,2013-05-28 03:41:08
1369712942,1369713316,u0,374,2013-05-28 03:49:02
1369713556,1369713960,u0,404,2013-05-28 03:59:16
1369714220,1369715593,u0,1373,2013-05-28 04:10:20
1369716776,1369716988,u0,212,2013-05-28 04:52:56
1369717429,1369717510,u0,81,2013-05-28 05:03:49
1369717761,1369717831,u0,70,2013-05-28 05:09:21
1369718282,1369718363,u0,81,2013-05-28 05:18:02
1369718604,1369718785,u0,181,2013-05-28 05:23:24
1369718995,1369719621,u0,626,2013-05-28 05:29:55
1369719851,1369720234,u0,383,2013-05-28 05:44:11
1369720435,1369721120,u0,685,2013-05-28 05:53:55
1369721591,1369721803,u0,212,2013-05-28 06:13:11
1369724410,1369725247,u0,837,2013-05-28 07:00:10
1369725267,1369725761,u0,494,2013-05-28 07:14:27
1369725982,1369726284,u0,302,2013-05-28 07:26:22
1369726776,1369726876,u0,100,2013-05-28 07:39:36
1369728069,1369728392,u0,323,2013-05-28 08:01:09
1369729816,1369730098,u0,282,2013-05-28 08:30:16
1369749124,1369749245,u0,121,2013-05-28 13:52:04
1369749485,1369749667,u0,182,2013-05-28 13:58:05
1369749887,1369749976,u0,89,2013-05-28 14:04:47
1369758357,1369760114,u0,1757,2013-05-28 16:25:57
1369760364,1369761585,u0,1221,2013-05-28 16:59:24
1369761856,1369762230,u0,374,2013-05-28 17:24:16
1369762440,1369762531,u0,91,2013-05-28 17:34:00
1369777414,1369777878,u0,464,2013-05-28 21:43:34
1369777888,1369780490,u0,2602,2013-05-28 21:51:28
1369790794,1369792175,u0,1381,2013-05-29 01:26:34
1369792426,1369792577,u0,151,2013-05-29 01:53:46
1369793089,1369793311,u0,222,2013-05-29 02:04:49
1369793341,1369793512,u0,171,2013-05-29 02:09:01
1369794725,1369794906,u0,181,2013-05-29 02:32:05
1369795117,1369795207,u0,90,2013-05-29 02:38:37
1369796390,1369796460,u0,70,2013-05-29 02:59:50
1369796932,1369797314,u0,382,2013-05-29 03:08:52
1369797786,1369797917,u0,131,2013-05-29 03:23:06
1369798598,1369798900,u0,302,2013-05-29 03:36:38
1369799171,1369799403,u0,232,2013-05-29 03:46:11
1369800857,1369801139,u0,282,2013-05-29 04:14:17
1369801891,1369802062,u0,171,2013-05-29 04:31:31
1369802062,1369802597,u0,535,2013-05-29 04:34:22
1369802857,1369803715,u0,858,2013-05-29 04:47:37
1369803755,1369804260,u0,505,2013-05-29 05:02:35
1369804270,1369804865,u0,595,2013-05-29 05:11:10
1369806088,1369806138,u0,50,2013-05-29 05:41:28
1369806399,1369806480,u0,81,2013-05-29 05:46:39
1369806520,1369806742,u0,222,2013-05-29 05:48:40
1369809368,1369809590,u0,222,2013-05-29 06:36:08
1369809790,1369811343,u0,1553,2013-05-29 06:43:10
1369811383,1369817185,u0,5802,2013-05-29 07:09:43
1369817426,1369818003,u0,577,2013-05-29 08:50:26
1369818264,1369819837,u0,1573,2013-05-29 09:04:24
1369820058,1369821108,u0,1050,2013-05-29 09:34:18
1369821328,1369822045,u0,717,2013-05-29 09:55:28
1369822275,1369822850,u0,575,2013-05-29 10:11:15
1369823060,1369823322,u0,262,2013-05-29 10:24:20
1369823333,1369824019,u0,686,2013-05-29 10:28:53
1369824039,1369826127,u0,2088,2013-05-29 10:40:39
1369826157,1369826389,u0,232,2013-05-29 11:15:57
1369826609,1369827750,u0,1141,2013-05-29 11:23:29
1369827980,1369828827,u0,847,2013-05-29 11:46:20
1369829078,1369831526,u0,2448,2013-05-29 12:04:38
1369831976,1369834113,u0,2137,2013-05-29 12:52:56
1369834314,1369836473,u0,2159,2013-05-29 13:31:54
1369836484,1369837018,u0,534,2013-05-29 14:08:04
1369837259,1369839224,u0,1965,2013-05-29 14:20:59
1369839485,1369839958,u0,473,2013-05-29 14:58:05
1369840670,1369842505,u0,1835,2013-05-29 15:17:50
1369842726,1369844330,u0,1604,2013-05-29 15:52:06
1369845331,1369845866,u0,535,2013-05-29 16:35:31
1369846347,1369846751,u0,404,2013-05-29 16:52:27
1369846771,1369846993,u0,222,2013-05-29 16:59:31
1369847494,1369848039,u0,545,2013-05-29 17:11:34
1369848269,1369848370,u0,101,2013-05-29 17:24:29
1369848871,1369849214,u0,343,2013-05-29 17:34:31
1369849445,1369850231,u0,786,2013-05-29 17:44:05
1369850703,1369851217,u0,514,2013-05-29 18:05:03
1369851668,1369852051,u0,383,2013-05-29 18:21:08
1369852523,1369853370,u0,847,2013-05-29 18:35:23
1369853591,1369853893,u0,302,2013-05-29 18:53:11
1369854134,1369854810,u0,676,2013-05-29 19:02:14
1369855041,1369855495,u0,454,2013-05-29 19:17:21
1369855695,1369855856,u0,161,2013-05-29 19:28:15
1369855877,1369856784,u0,907,2013-05-29 19:31:17
1369856805,1369857510,u0,705,2013-05-29 19:46:45
1369857982,1369859303,u0,1321,2013-05-29 20:06:22
1369859553,1369859634,u0,81,2013-05-29 20:32:33
1369859865,1369860440,u0,575,2013-05-29 20:37:45
1369860670,1369861659,u0,989,2013-05-29 20:51:10
1369861889,1369864249,u0,2360,2013-05-29 21:11:29
1369864449,1369864812,u0,363,2013-05-29 21:54:09
1369865053,1369865396,u0,343,2013-05-29 22:04:13
1369865627,1369865818,u0,191,2013-05-29 22:13:47
1369866018,1369866270,u0,252,2013-05-29 22:20:18
1369867463,1369868563,u0,1100,2013-05-29 22:44:23
1369868773,1369868844,u0,71,2013-05-29 23:06:13
1369869816,1369870179,u0,363,2013-05-29 23:23:36
1369870440,1369878226,u0,7786,2013-05-29 23:34:00
1369878448,1369878879,u0,431,2013-05-30 01:47:28
1369878890,1369884005,u0,5115,2013-05-30 01:54:50
1369885081,1369887329,u0,2248,2013-05-30 03:38:01
1369888251,1369890399,u0,2148,2013-05-30 04:30:51
1369890600,1369891245,u0,645,2013-05-30 05:10:00
1369920358,1369920429,u0,71,2013-05-30 13:25:58
1369920666,1369920827,u0,161,2013-05-30 13:31:06
1369923976,1369924137,u0,161,2013-05-30 14:26:16
1369925089,1369925251,u0,162,2013-05-30 14:44:49
1369926194,1369926607,u0,413,2013-05-30 15:03:14
1369927580,1369928265,u0,685,2013-05-30 15:26:20
1369928305,1369928507,u0,202,2013-05-30 15:38:25
1369929029,1369929452,u0,423,2013-05-30 15:50:29
1369929653,1369930166,u0,513,2013-05-30 16:00:53
1369930626,1369931999,u0,1373,2013-05-30 16:17:06
1369932019,1369932442,u0,423,2013-05-30 16:40:19
1369932663,1369933197,u0,534,2013-05-30 16:51:03
1369933228,1369934135,u0,907,2013-05-30 17:00:28
1369934335,1369939175,u0,4840,2013-05-30 17:18:55
1369943594,1369943897,u0,303,2013-05-30 19:53:14
1369944137,1369944268,u0,131,2013-05-30 20:02:17
1369944489,1369946163,u0,1674,2013-05-30 20:08:09
1369946383,1369946454,u0,71,2013-05-30 20:39:43
1369946935,1369947036,u0,101,2013-05-30 20:48:55
1369978981,1369979313,u0,332,2013-05-31 05:43:01
1369979764,1369980057,u0,293,2013-05-31 05:56:04
1369980077,1369981648,u0,1571,2013-05-31 06:01:17
1369981658,1369982031,u0,373,2013-05-31 06:27:38
1369982221,1369982624,u0,403,2013-05-31 06:37:01
1370005672,1370006418,u0,746,2013-05-31 13:07:52
1370006638,1370006890,u0,252,2013-05-31 13:23:58
1370007131,1370007302,u0,171,2013-05-31 13:32:11
1370007763,1370008207,u0,444,2013-05-31 13:42:43
1370008427,1370008992,u0,565,2013-05-31 13:53:47
1370009202,1370009394,u0,192,2013-05-31 14:06:42
1370009655,1370011288,u0,1633,2013-05-31 14:14:15
1370011489,1370013215,u0,1726,2013-05-31 14:44:49
1370013466,1370013627,u0,161,2013-05-31 15:17:46
1370013848,1370014987,u0,1139,2013-05-31 15:24:08
1370016176,1370020602,u0,4426,2013-05-31 16:02:56
1370021815,1370022057,u0,242,2013-05-31 17:36:55
1370022287,1370023023,u0,736,2013-05-31 17:44:47
1370023254,1370023880,u0,626,2013-05-31 18:00:54
1370024090,1370025231,u0,1141,2013-05-31 18:14:50
1370025241,1370025372,u0,131,2013-05-31 18:34:01
1370025613,1370028104,u0,2491,2013-05-31 18:40:13
1370028374,1370028929,u0,555,2013-05-31 19:26:14
1370030102,1370030898,u0,796,2013-05-31 19:55:02
1370031830,1370033121,u0,1291,2013-05-31 20:23:50
1370033342,1370034028,u0,686,2013-05-31 20:49:02
1370034238,1370034893,u0,655,2013-05-31 21:03:58
1370035144,1370035830,u0,686,2013-05-31 21:19:04
1370036040,1370036151,u0,111,2013-05-31 21:34:00
1370036402,1370036472,u0,70,2013-05-31 21:40:02
1370037424,1370037586,u0,162,2013-05-31 21:57:04
1370037792,1370038593,u0,801,2013-05-31 22:03:12
1370038823,1370039650,u0,827,2013-05-31 22:20:23
1370039891,1370040556,u0,665,2013-05-31 22:38:11
1370041017,1370043761,u0,2744,2013-05-31 22:56:57
1370043972,1370044859,u0,887,2013-05-31 23:46:12
1370044889,1370044990,u0,101,2013-06-01 00:01:29
1370045020,1370045091,u0,71,2013-06-01 00:03:40
1370045281,1370047726,u0,2445,2013-06-01 00:08:01
1370047926,1370048561,u0,635,2013-06-01 00:52:06
1370048771,1370050516,u0,1745,2013-06-01 01:06:11
1370050526,1370051485,u0,959,2013-06-01 01:35:26
1370051725,1370052845,u0,1120,2013-06-01 01:55:25
1370053116,1370053247,u0,131,2013-06-01 02:18:36
1370053457,1370053719,u0,262,2013-06-01 02:24:17
1370054421,1370054733,u0,312,2013-06-01 02:40:21
1370054754,1370054945,u0,191,2013-06-01 02:45:54
1370055397,1370056012,u0,615,2013-06-01 02:56:37
1370056243,1370056928,u0,685,2013-06-01 03:10:43
1370056949,1370057221,u0,272,2013-06-01 03:22:29
1364392507,1364392799,u1,292,2013-03-27 13:55:07
1364393020,1364393514,u1,494,2013-03-27 14:03:40
1364393745,1364396556,u1,2811,2013-03-27 14:15:45
1364396807,1364396898,u1,91,2013-03-27 15:06:47
1364397389,1364398276,u1,887,2013-03-27 15:16:29
1364398757,1364398918,u1,161,2013-03-27 15:39:17
1364399129,1364399915,u1,786,2013-03-27 15:45:29
1364399926,1364400036,u1,110,2013-03-27 15:58:46
1364400267,1364401347,u1,1080,2013-03-27 16:04:27
1364401588,1364402808,u1,1220,2013-03-27 16:26:28
1364403038,1364405026,u1,1988,2013-03-27 16:50:38
1364405246,1364406275,u1,1029,2013-03-27 17:27:26
1364406285,1364410007,u1,3722,2013-03-27 17:44:45
1364410268,1364410298,u1,30,2013-03-27 18:51:08
1364434603,1364434684,u1,81,2013-03-28 01:36:43
1364434694,1364434845,u1,151,2013-03-28 01:38:14
1364486020,1364486685,u1,665,2013-03-28 15:53:40
1364486926,1364487631,u1,705,2013-03-28 16:08:46
1364487882,1364489072,u1,1190,2013-03-28 16:24:42
1364489343,1364489545,u1,202,2013-03-28 16:49:03
1364503049,1364503099,u1,50,2013-03-28 20:37:29
1364522814,1364523086,u1,272,2013-03-29 02:06:54
1364565661,1364569867,u1,4206,2013-03-29 14:01:01
1364578981,1364583216,u1,4235,2013-03-29 17:43:01
1364583938,1364584644,u1,706,2013-03-29 19:05:38
1364611804,1364612631,u1,827,2013-03-30 02:50:04
1364672250,1364672310,u1,60,2013-03-30 19:37:30
1364778541,1364778602,u1,61,2013-04-01 01:09:01
1364823043,1364824243,u1,1200,2013-04-01 13:30:43
1364824263,1364824333,u1,70,2013-04-01 13:51:03
1364824784,1364828981,u1,4197,2013-04-01 13:59:44
1364829252,1364829302,u1,50,2013-04-01 15:14:12
1364830024,1364830508,u1,484,2013-04-01 15:27:04
1364831961,1364832032,u1,71,2013-04-01 15:59:21
1364832232,1364832474,u1,242,2013-04-01 16:03:52
1364832715,1364833037,u1,322,2013-04-01 16:11:55
1364833268,1364833470,u1,202,2013-04-01 16:21:08
1364834171,1364835452,u1,1281,2013-04-01 16:36:11
1364836173,1364836849,u1,676,2013-04-01 17:09:33
1364836869,1364838109,u1,1240,2013-04-01 17:21:09
1364838370,1364840408,u1,2038,2013-04-01 17:46:10
1364840418,1364842415,u1,1997,2013-04-01 18:20:18
1364997531,1364997904,u1,373,2013-04-03 13:58:51
1364997915,1365000285,u1,2370,2013-04-03 14:05:15
1365000305,1365000769,u1,464,2013-04-03 14:45:05
1365000789,1365001868,u1,1079,2013-04-03 14:53:09
1365002580,1365003195,u1,615,2013-04-03 15:23:00
1365003896,1365003987,u1,91,2013-04-03 15:44:56
1365010694,1365010835,u1,141,2013-04-03 17:38:14
1365011055,1365015572,u1,4517,2013-04-03 17:44:15
1365132376,1365132457,u1,81,2013-04-05 03:26:16
1365169909,1365169970,u1,61,2013-04-05 13:51:49
1365170210,1365174538,u1,4328,2013-04-05 13:56:50
1365177666,1365177918,u1,252,2013-04-05 16:01:06
1365181046,1365181106,u1,60,2013-04-05 16:57:26
1365181337,1365181619,u1,282,2013-04-05 17:02:17
1365181890,1365183343,u1,1453,2013-04-05 17:11:30
1365183784,1365183874,u1,90,2013-04-05 17:43:04
1365184095,1365188149,u1,4054,2013-04-05 17:48:15
1365215270,1365215693,u1,423,2013-04-06 02:27:50
1365216415,1365216657,u1,242,2013-04-06 02:46:55
1365216677,1365218141,u1,1464,2013-04-06 02:51:17
1365218181,1365218383,u1,202,2013-04-06 03:16:21
1365218403,1365218494,u1,91,2013-04-06 03:20:03
1365250927,1365251038,u1,111,2013-04-06 12:22:07
1365252953,1365254818,u1,1865,2013-04-06 12:55:53
1365255059,1365255553,u1,494,2013-04-06 13:30:59
1365255774,1365256077,u1,303,2013-04-06 13:42:54
1365256327,1365257064,u1,737,2013-04-06 13:52:07
1365257274,1365258172,u1,898,2013-04-06 14:07:54
1365268026,1365268570,u1,544,2013-04-06 17:07:06
1365268811,1365268911,u1,100,2013-04-06 17:20:11
1365269172,1365270221,u1,1049,2013-04-06 17:26:12
1365270451,1365270532,u1,81,2013-04-06 17:47:31
1365270803,1365270914,u1,111,2013-04-06 17:53:23
1365272357,1365272428,u1,71,2013-04-06 18:19:17
1365274104,1365274174,u1,70,2013-04-06 18:48:24
1365274394,1365274495,u1,101,2013-04-06 18:53:14
1365275979,1365276513,u1,534,2013-04-06 19:19:39
1365276724,1365277430,u1,706,2013-04-06 19:32:04
1365277650,1365278770,u1,1120,2013-04-06 19:47:30
1365288895,1365289399,u1,504,2013-04-06 22:54:55
1365291344,1365291505,u1,161,2013-04-06 23:35:44
1365291766,1365291988,u1,222,2013-04-06 23:42:46
1365429001,1365429334,u1,333,2013-04-08 13:50:01
1365429355,1365429849,u1,494,2013-04-08 13:55:55
1365430059,1365431471,u1,1412,2013-04-08 14:07:39
1365431692,1365432569,u1,877,2013-04-08 14:34:52
1365432779,1365434574,u1,1795,2013-04-08 14:52:59
1365434805,1365434885,u1,80,2013-04-08 15:26:45
1365435357,1365435468,u1,111,2013-04-08 15:35:57
1365435949,1365436019,u1,70,2013-04-08 15:45:49
1365436501,1365436561,u1,60,2013-04-08 15:55:01
1365437754,1365439035,u1,1281,2013-04-08 16:15:54
1365439255,1365439951,u1,696,2013-04-08 16:40:55
1365440151,1365440323,u1,172,2013-04-08 16:55:51
1365440584,1365440705,u1,121,2013-04-08 17:03:04
1365442890,1365442961,u1,71,2013-04-08 17:41:30
1365443171,1365447226,u1,4055,2013-04-08 17:46:11
1365448890,1365449051,u1,161,2013-04-08 19:21:30
1365532225,1365532285,u1,60,2013-04-09 18:30:25
1365534200,1365534270,u1,70,2013-04-09 19:03:20
1365537649,1365537709,u1,60,2013-04-09 20:00:49
1365592717,1365592777,u1,60,2013-04-10 11:18:37
1365592797,1365592878,u1,81,2013-04-10 11:19:57
1365602692,1365606676,u1,3984,2013-04-10 14:04:52
1365606916,1365607118,u1,202,2013-04-10 15:15:16
1365607399,1365607843,u1,444,2013-04-10 15:23:19
1365607883,1365608206,u1,323,2013-04-10 15:31:23
1365608447,1365608810,u1,363,2013-04-10 15:40:47
1365610264,1365610385,u1,121,2013-04-10 16:11:04
1365610405,1365612170,u1,1765,2013-04-10 16:13:25
1365612180,1365612513,u1,333,2013-04-10 16:43:00
1365612733,1365613329,u1,596,2013-04-10 16:52:13
1365614532,1365614582,u1,50,2013-04-10 17:22:12
1365614612,1365614824,u1,212,2013-04-10 17:23:32
1365615075,1365615256,u1,181,2013-04-10 17:31:15
1365615968,1365619508,u1,3540,2013-04-10 17:46:08
1365795214,1365795476,u1,262,2013-04-12 19:33:34
1365802203,1365802799,u1,596,2013-04-12 21:30:03
1365803761,1365804114,u1,353,2013-04-12 21:56:01
1365804134,1365804416,u1,282,2013-04-12 22:02:14
1365804437,1365804779,u1,342,2013-04-12 22:07:17
1365805030,1365805181,u1,151,2013-04-12 22:17:10
1365805452,1365805825,u1,373,2013-04-12 22:24:12
1365806056,1365806934,u1,878,2013-04-12 22:34:16
1365806944,1365807115,u1,171,2013-04-12 22:49:04
1365807366,1365807679,u1,313,2013-04-12 22:56:06
1365808380,1365809116,u1,736,2013-04-12 23:13:00
1365809347,1365809559,u1,212,2013-04-12 23:29:07
1365868202,1365868273,u1,71,2013-04-13 15:50:02
1365868543,1365868705,u1,162,2013-04-13 15:55:43
1365871341,1365871422,u1,81,2013-04-13 16:42:21
1365871632,1365871945,u1,313,2013-04-13 16:47:12
1365875062,1365875586,u1,524,2013-04-13 17:44:22
1365875616,1365875767,u1,151,2013-04-13 17:53:36
1365876048,1365876442,u1,394,2013-04-13 18:00:48
1365876462,1365876563,u1,101,2013-04-13 18:07:42
1365879199,1365879360,u1,161,2013-04-13 18:53:19
1365880072,1365880244,u1,172,2013-04-13 19:07:52
1365880474,1365880635,u1,161,2013-04-13 19:14:34
1365881377,1365881498,u1,121,2013-04-13 19:29:37
1365882450,1365882541,u1,91,2013-04-13 19:47:30
1365883984,1365884146,u1,162,2013-04-13 20:13:04
1365889668,1365889749,u1,81,2013-04-13 21:47:48
1365892155,1365892235,u1,80,2013-04-13 22:29:15
1365906191,1365906705,u1,514,2013-04-14 02:23:11
1366040313,1366040404,u1,91,2013-04-15 15:38:33
1366040674,1366040866,u1,192,2013-04-15 15:44:34
1366041337,1366043163,u1,1826,2013-04-15 15:55:37
1366044146,1366044428,u1,282,2013-04-15 16:42:26
1366044448,1366044499,u1,51,2013-04-15 16:47:28
1366047857,1366047968,u1,111,2013-04-15 17:44:17
1366047998,1366049965,u1,1967,2013-04-15 17:46:38
1366049975,1366050703,u1,728,2013-04-15 18:19:35
1366050933,1366051791,u1,858,2013-04-15 18:35:33
1366053204,1366053890,u1,686,2013-04-15 19:13:24
1366067114,1366067174,u1,60,2013-04-15 23:05:14
1366070282,1366070423,u1,141,2013-04-15 23:58:02
1366163081,1366163121,u1,40,2013-04-17 01:44:41
1366166029,1366166100,u1,71,2013-04-17 02:33:49
1366201633,1366201693,u1,60,2013-04-17 12:27:13
1366203638,1366203698,u1,60,2013-04-17 13:00:38
1366206805,1366206926,u1,121,2013-04-17 13:53:25
1366207166,1366207237,u1,71,2013-04-17 13:59:26
1366209853,1366210095,u1,242,2013-04-17 14:44:13
1366210356,1366210487,u1,131,2013-04-17 14:52:36
1366212381,1366212845,u1,464,2013-04-17 15:26:21
1366213045,1366213197,u1,152,2013-04-17 15:37:25
1366213427,1366213548,u1,121,2013-04-17 15:43:47
1366220014,1366220104,u1,90,2013-04-17 17:33:34
1366220585,1366220646,u1,61,2013-04-17 17:43:05
1366220846,1366224640,u1,3794,2013-04-17 17:47:26
1366302991,1366303122,u1,131,2013-04-18 16:36:31
1366303593,1366304138,u1,545,2013-04-18 16:46:33
1366304368,1366306194,u1,1826,2013-04-18 16:59:28
1366306425,1366306828,u1,403,2013-04-18 17:33:45
1366306859,1366306929,u1,70,2013-04-18 17:40:59
1366307370,1366307542,u1,172,2013-04-18 17:49:30
1366307823,1366307914,u1,91,2013-04-18 17:57:03
1366314410,1366315086,u1,676,2013-04-18 19:46:50
1366315316,1366315457,u1,141,2013-04-18 20:01:56
1366326012,1366326072,u1,60,2013-04-18 23:00:12
1366476750,1366477204,u1,454,2013-04-20 16:52:30
1366479559,1366479711,u1,152,2013-04-20 17:39:19
1366479961,1366480052,u1,91,2013-04-20 17:46:01
1366482458,1366482568,u1,110,2013-04-20 18:27:38
1366500131,1366500211,u1,80,2013-04-20 23:22:11
1366500683,1366500753,u1,70,2013-04-20 23:31:23
1366500974,1366501145,u1,171,2013-04-20 23:36:14
1366501145,1366501337,u1,192,2013-04-20 23:39:05
1366501587,1366502212,u1,625,2013-04-20 23:46:27
1366502233,1366502444,u1,211,2013-04-20 23:57:13
1366502725,1366502806,u1,81,2013-04-21 00:05:25
1366503328,1366503912,u1,584,2013-04-21 00:15:28
1366503912,1366504013,u1,101,2013-04-21 00:25:12
1366504274,1366505232,u1,958,2013-04-21 00:31:14
1366505482,1366505946,u1,464,2013-04-21 00:51:22
1366506197,1366506550,u1,353,2013-04-21 01:03:17
1366506570,1366507347,u1,777,2013-04-21 01:09:30
1366507818,1366508030,u1,212,2013-04-21 01:30:18
1366508050,1366508857,u1,807,2013-04-21 01:34:10
1366509077,1366509198,u1,121,2013-04-21 01:51:17
1366509689,1366509790,u1,101,2013-04-21 02:01:29
1366510292,1366510463,u1,171,2013-04-21 02:11:32
1366510704,1366510795,u1,91,2013-04-21 02:18:24
1366510835,1366510976,u1,141,2013-04-21 02:20:35
1366510986,1366511561,u1,575,2013-04-21 02:23:06
1366511781,1366512164,u1,383,2013-04-21 02:36:21
1366512626,1366512736,u1,110,2013-04-21 02:50:26
1366513960,1366514111,u1,151,2013-04-21 03:12:40
1366515094,1366515799,u1,705,2013-04-21 03:31:34
1366516531,1366516652,u1,121,2013-04-21 03:55:31
1366517124,1366517728,u1,604,2013-04-21 04:05:24
1366517979,1366518130,u1,151,2013-04-21 04:19:39
1366518401,1366519057,u1,656,2013-04-21 04:26:41
1366520009,1366520231,u1,222,2013-04-21 04:53:29
1366520241,1366520382,u1,141,2013-04-21 04:57:21
1366552823,1366553469,u1,646,2013-04-21 14:00:23
1366553730,1366553820,u1,90,2013-04-21 14:15:30
1366555987,1366556380,u1,393,2013-04-21 14:53:07
1366556601,1366557166,u1,565,2013-04-21 15:03:21
1366558098,1366558289,u1,191,2013-04-21 15:28:18
1366559001,1366559565,u1,564,2013-04-21 15:43:21
1366559796,1366559866,u1,70,2013-04-21 15:56:36
1366560107,1366560248,u1,141,2013-04-21 16:01:47
1366560529,1366560781,u1,252,2013-04-21 16:08:49
1366561205,1366562536,u1,1331,2013-04-21 16:20:05
1366562536,1366563877,u1,1341,2013-04-21 16:42:16
1366564087,1366564168,u1,81,2013-04-21 17:08:07
1366564398,1366564529,u1,131,2013-04-21 17:13:18
1366565261,1366565483,u1,222,2013-04-21 17:27:41
1366566445,1366566525,u1,80,2013-04-21 17:47:25
1366568450,1366568520,u1,70,2013-04-21 18:20:50
1366569683,1366569864,u1,181,2013-04-21 18:41:23
1366570606,1366570657,u1,51,2013-04-21 18:56:46
1366577624,1366577805,u1,181,2013-04-21 20:53:44
1366577816,1366578078,u1,262,2013-04-21 20:56:56
1366584343,1366584434,u1,91,2013-04-21 22:45:43
1366652164,1366652345,u1,181,2013-04-22 17:36:04
1366652826,1366656870,u1,4044,2013-04-22 17:47:06
1366728510,1366728651,u1,141,2013-04-23 14:48:30
1366728692,1366728762,u1,70,2013-04-23 14:51:32
1366729694,1366729977,u1,283,2013-04-23 15:08:14
1366730237,1366730338,u1,101,2013-04-23 15:17:17
1366732784,1366732855,u1,71,2013-04-23 15:59:44
1366733326,1366733366,u1,40,2013-04-23 16:08:46
1366733627,1366733658,u1,31,2013-04-23 16:13:47
1366734391,1366735016,u1,625,2013-04-23 16:26:31
1366740041,1366740797,u1,756,2013-04-23 18:00:41
1366760286,1366760417,u1,131,2013-04-23 23:38:06
1366760889,1366760959,u1,70,2013-04-23 23:48:09
1366801314,1366801485,u1,171,2013-04-24 11:01:54
1366861154,1366861789,u1,635,2013-04-25 03:39:14
1366862070,1366862443,u1,373,2013-04-25 03:54:30
1366862965,1366863026,u1,61,2013-04-25 04:09:25
1366863968,1366864109,u1,141,2013-04-25 04:26:08
1366864580,1366864661,u1,81,2013-04-25 04:36:20
1366904769,1366904880,u1,111,2013-04-25 15:46:09
1366905141,1366906986,u1,1845,2013-04-25 15:52:21
1366907247,1366908800,u1,1553,2013-04-25 16:27:27
1366909040,1366912268,u1,3228,2013-04-25 16:57:20
1366912529,1366912640,u1,111,2013-04-25 17:55:29
1366926113,1366927192,u1,1079,2013-04-25 21:41:53
1366927403,1366928421,u1,1018,2013-04-25 22:03:23
1366928672,1366930477,u1,1805,2013-04-25 22:24:32
1366930718,1366930960,u1,242,2013-04-25 22:58:38
1366931200,1366932552,u1,1352,2013-04-25 23:06:40
1366997664,1366997745,u1,81,2013-04-26 17:34:24
1366998417,1367002320,u1,3903,2013-04-26 17:46:57
1367002811,1367003214,u1,403,2013-04-26 19:00:11
1367003255,1367003446,u1,191,2013-04-26 19:07:35
1367003677,1367004574,u1,897,2013-04-26 19:14:37
1367004805,1367008355,u1,3550,2013-04-26 19:33:25
1367008565,1367011994,u1,3429,2013-04-26 20:36:05
1367012506,1367013000,u1,494,2013-04-26 21:41:46
1367014243,1367014324,u1,81,2013-04-26 22:10:43
1367014584,1367015280,u1,696,2013-04-26 22:16:24
1367015480,1367015742,u1,262,2013-04-26 22:31:20
1367016444,1367017049,u1,605,2013-04-26 22:47:24
1367019936,1367020016,u1,80,2013-04-26 23:45:36
1367020226,1367020650,u1,424,2013-04-26 23:50:26
1367020660,1367020721,u1,61,2013-04-26 23:57:40
1367021693,1367021976,u1,283,2013-04-27 00:14:53
1367022226,1367022297,u1,71,2013-04-27 00:23:46
1367022517,1367022578,u1,61,2013-04-27 00:28:37
1367022598,1367022659,u1,61,2013-04-27 00:29:58
1367023140,1367023261,u1,121,2013-04-27 00:39:00
1367023471,1367023552,u1,81,2013-04-27 00:44:31
1367023782,1367023933,u1,151,2013-04-27 00:49:42
1367024435,1367024596,u1,161,2013-04-27 01:00:35
1367024857,1367025009,u1,152,2013-04-27 01:07:37
1367027144,1367027346,u1,202,2013-04-27 01:45:44
1367028027,1367028531,u1,504,2013-04-27 02:00:27
1367029724,1367029956,u1,232,2013-04-27 02:28:44
1367030939,1367031151,u1,212,2013-04-27 02:48:59
1367031903,1367032024,u1,121,2013-04-27 03:05:03
1367032487,1367032568,u1,81,2013-04-27 03:14:47
1367033531,1367033753,u1,222,2013-04-27 03:32:11
1367034484,1367034626,u1,142,2013-04-27 03:48:04
1367034838,1367035060,u1,222,2013-04-27 03:53:58
1367035541,1367035622,u1,81,2013-04-27 04:05:41
1367037066,1367037298,u1,232,2013-04-27 04:31:06
1367098596,1367098666,u1,70,2013-04-27 21:36:36
1367098887,1367098978,u1,91,2013-04-27 21:41:27
1367099449,1367099509,u1,60,2013-04-27 21:50:49
1367101424,1367101504,u1,80,2013-04-27 22:23:44
1367101785,1367101876,u1,91,2013-04-27 22:29:45
1367105966,1367106209,u1,243,2013-04-27 23:39:26
1367106449,1367106752,u1,303,2013-04-27 23:47:29
1367107715,1367107765,u1,50,2013-04-28 00:08:35
1367109209,1367109299,u1,90,2013-04-28 00:33:29
1367110011,1367110183,u1,172,2013-04-28 00:46:51
1367110654,1367110826,u1,172,2013-04-28 00:57:34
1367110856,1367111017,u1,161,2013-04-28 01:00:56
1367112461,1367112895,u1,434,2013-04-28 01:27:41
1367115281,1367115654,u1,373,2013-04-28 02:14:41
1367116126,1367116257,u1,131,2013-04-28 02:28:46
1367117199,1367117451,u1,252,2013-04-28 02:46:39
1367117702,1367117994,u1,292,2013-04-28 02:55:02
1367118726,1367118847,u1,121,2013-04-28 03:12:06
1367121476,1367121566,u1,90,2013-04-28 03:57:56
1367121827,1367121918,u1,91,2013-04-28 04:03:47
1367122149,1367122300,u1,151,2013-04-28 04:09:09
1367206425,1367206647,u1,222,2013-04-29 03:33:45
1367206857,1367207250,u1,393,2013-04-29 03:40:57
1367207531,1367207612,u1,81,2013-04-29 03:52:11
1367207893,1367208770,u1,877,2013-04-29 03:58:13
1367257578,1367261107,u1,3529,2013-04-29 17:46:18
1367261337,1367261408,u1,71,2013-04-29 18:48:57
1367261428,1367261499,u1,71,2013-04-29 18:50:28
1367270621,1367270691,u1,70,2013-04-29 21:23:41
1367285818,1367287199,u1,1381,2013-04-30 01:36:58
1367287419,1367287783,u1,364,2013-04-30 02:03:39
1367329373,1367329585,u1,212,2013-04-30 13:42:53
1367329856,1367329957,u1,101,2013-04-30 13:50:56
1367329957,1367330037,u1,80,2013-04-30 13:52:37
1367330258,1367330782,u1,524,2013-04-30 13:57:38
1367331043,1367331265,u1,222,2013-04-30 14:10:43
1367331777,1367332120,u1,343,2013-04-30 14:22:57
1367333573,1367333634,u1,61,2013-04-30 14:52:53
1367334115,1367334357,u1,242,2013-04-30 15:01:55
1367334587,1367334678,u1,91,2013-04-30 15:09:47
1367335139,1367335371,u1,232,2013-04-30 15:18:59
1367335863,1367335973,u1,110,2013-04-30 15:31:03
1367434748,1367435010,u1,262,2013-05-01 18:59:08
1367452787,1367452858,u1,71,2013-05-01 23:59:47
1367506705,1367506926,u1,221,2013-05-02 14:58:25
1367507167,1367507268,u1,101,2013-05-02 15:06:07
1367515207,1367515267,u1,60,2013-05-02 17:20:07
1367515287,1367515388,u1,101,2013-05-02 17:21:27
1367521425,1367521515,u1,90,2013-05-02 19:03:45
1367522959,1367523029,u1,70,2013-05-02 19:29:19
1367592969,1367593060,u1,91,2013-05-03 14:56:09
1367619035,1367619398,u1,363,2013-05-03 22:10:35
1367620110,1367622500,u1,2390,2013-05-03 22:28:30
1367622711,1367622761,u1,50,2013-05-03 23:11:51
1367624436,1367625192,u1,756,2013-05-03 23:40:36
1367626365,1367626476,u1,111,2013-05-04 00:12:45
1367627679,1367628768,u1,1089,2013-05-04 00:34:39
1367629019,1367630450,u1,1431,2013-05-04 00:56:59
1367631674,1367632006,u1,332,2013-05-04 01:41:14
1367632037,1367632319,u1,282,2013-05-04 01:47:17
1367633271,1367633362,u1,91,2013-05-04 02:07:51
1367633603,1367633724,u1,121,2013-05-04 02:13:23
1367633954,1367634368,u1,414,2013-05-04 02:19:14
1367634378,1367634448,u1,70,2013-05-04 02:26:18
1367636573,1367636866,u1,293,2013-05-04 03:02:53
1367639292,1367639665,u1,373,2013-05-04 03:48:12
1367639896,1367640360,u1,464,2013-05-04 03:58:16
1367653335,1367653456,u1,121,2013-05-04 07:42:15
1367668113,1367668174,u1,61,2013-05-04 11:48:33
1367685978,1367686140,u1,162,2013-05-04 16:46:18
1367698159,1367698270,u1,111,2013-05-04 20:09:19
1367698310,1367698744,u1,434,2013-05-04 20:11:50
1367699015,1367699096,u1,81,2013-05-04 20:23:35
1367699316,1367699417,u1,101,2013-05-04 20:28:36
1367700159,1367700320,u1,161,2013-05-04 20:42:39
1367700581,1367701227,u1,646,2013-05-04 20:49:41
1367702209,1367702270,u1,61,2013-05-04 21:16:49
1367702510,1367702571,u1,61,2013-05-04 21:21:50
1367704716,1367704766,u1,50,2013-05-04 21:58:36
1367707915,1367708076,u1,161,2013-05-04 22:51:55
1367709540,1367709681,u1,141,2013-05-04 23:19:00
1367709942,1367710032,u1,90,2013-05-04 23:25:42
1367710494,1367710574,u1,80,2013-05-04 23:34:54
1367712218,1367712299,u1,81,2013-05-05 00:03:38
1367712790,1367713072,u1,282,2013-05-05 00:13:10
1367713323,1367713393,u1,70,2013-05-05 00:22:03
1367716000,1367716101,u1,101,2013-05-05 01:06:40
1367720160,1367720715,u1,555,2013-05-05 02:16:00
1367721186,1367721650,u1,464,2013-05-05 02:33:06
1367722131,1367722393,u1,262,2013-05-05 02:48:51
1367727686,1367727858,u1,172,2013-05-05 04:21:26
1367731697,1367731777,u1,80,2013-05-05 05:28:17
1367731998,1367732230,u1,232,2013-05-05 05:33:18
1367732500,1367732561,u1,61,2013-05-05 05:41:40
1367733262,1367733383,u1,121,2013-05-05 05:54:22
1367736975,1367737569,u1,594,2013-05-05 06:56:15
1367770521,1367770794,u1,273,2013-05-05 16:15:21
1367771055,1367771226,u1,171,2013-05-05 16:24:15
1367771717,1367771919,u1,202,2013-05-05 16:35:17
1367793983,1367794185,u1,202,2013-05-05 22:46:23
1367794667,1367794778,u1,111,2013-05-05 22:57:47
1367802226,1367802377,u1,151,2013-05-06 01:03:46
1367802617,1367802658,u1,41,2013-05-06 01:10:17
1367805766,1367806199,u1,433,2013-05-06 02:02:46
1367806450,1367807035,u1,585,2013-05-06 02:14:10
1367837095,1367837146,u1,51,2013-05-06 10:44:55
1367850138,1367850219,u1,81,2013-05-06 14:22:18
1367853106,1367853197,u1,91,2013-05-06 15:11:46
1367862088,1367864499,u1,2411,2013-05-06 17:41:28
1367864709,1367866171,u1,1462,2013-05-06 18:25:09
1367868798,1367868858,u1,60,2013-05-06 19:33:18
1367869360,1367869410,u1,50,2013-05-06 19:42:40
1367953945,1367956809,u1,2864,2013-05-07 19:12:25
1367957020,1367957433,u1,413,2013-05-07 20:03:40
1367957704,1367957775,u1,71,2013-05-07 20:15:04
1367957975,1367959064,u1,1089,2013-05-07 20:19:35
1367959295,1367960646,u1,1351,2013-05-07 20:41:35
1367961087,1367961863,u1,776,2013-05-07 21:11:27
1367963808,1367964111,u1,303,2013-05-07 21:56:48
1367964131,1367964424,u1,293,2013-05-07 22:02:11
1367968515,1367968706,u1,191,2013-05-07 23:15:15
1367968917,1367969169,u1,252,2013-05-07 23:21:57
1367969409,1367969611,u1,202,2013-05-07 23:30:09
1367969832,1367970124,u1,292,2013-05-07 23:37:12
1367970354,1367970465,u1,111,2013-05-07 23:45:54
1367970977,1367971088,u1,111,2013-05-07 23:56:17
1367971559,1367971791,u1,232,2013-05-08 00:05:59
1368067199,1368067279,u1,80,2013-05-09 02:39:59
1368200203,1368200253,u1,50,2013-05-10 15:36:43
1368200514,1368200555,u1,41,2013-05-10 15:41:54
1368200565,1368200615,u1,50,2013-05-10 15:42:45
1368210960,1368211192,u1,232,2013-05-10 18:36:00
1368215513,1368215573,u1,60,2013-05-10 19:51:53
1368215814,1368216482,u1,668,2013-05-10 19:56:54
1368216723,1368216924,u1,201,2013-05-10 20:12:03
1368216964,1368217096,u1,132,2013-05-10 20:16:04
1368217536,1368219483,u1,1947,2013-05-10 20:25:36
1368219703,1368220954,u1,1251,2013-05-10 21:01:43
1368220975,1368221690,u1,715,2013-05-10 21:22:55
1368221921,1368222173,u1,252,2013-05-10 21:38:41
1368222183,1368222597,u1,414,2013-05-10 21:43:03
1368222837,1368223523,u1,686,2013-05-10 21:53:57
1368396791,1368396861,u1,70,2013-05-12 22:13:11
1368410075,1368411013,u1,938,2013-05-13 01:54:35
1368435055,1368435115,u1,60,2013-05-13 08:50:55
1368452911,1368453022,u1,111,2013-05-13 13:48:31
1368456390,1368456541,u1,151,2013-05-13 14:46:30
1368463981,1368464223,u1,242,2013-05-13 16:53:01
1368464444,1368464928,u1,484,2013-05-13 17:00:44
1368464938,1368465009,u1,71,2013-05-13 17:08:58
1368465219,1368467943,u1,2724,2013-05-13 17:13:39
1368468163,1368471088,u1,2925,2013-05-13 18:02:43
1368626409,1368626641,u1,232,2013-05-15 14:00:09
1368626882,1368627023,u1,141,2013-05-15 14:08:02
1368627223,1368629301,u1,2078,2013-05-15 14:13:43
1368653291,1368653765,u1,474,2013-05-15 21:28:11
1368653785,1368654057,u1,272,2013-05-15 21:36:25
1368654268,1368654399,u1,131,2013-05-15 21:44:28
1368654399,1368654843,u1,444,2013-05-15 21:46:39
1368656266,1368656397,u1,131,2013-05-15 22:17:46
1368661189,1368662429,u1,1240,2013-05-15 23:39:49
1368662439,1368662641,u1,202,2013-05-16 00:00:39
1369148661,1369148701,u1,40,2013-05-21 15:04:21
1369150145,1369150992,u1,847,2013-05-21 15:29:05
1369151453,1369151544,u1,91,2013-05-21 15:50:53
1369151774,1369151946,u1,172,2013-05-21 15:56:14
1369152176,1369152549,u1,373,2013-05-21 16:02:56
1369152790,1369154686,u1,1896,2013-05-21 16:13:10
1369156371,1369156522,u1,151,2013-05-21 17:12:51
1369158918,1369158989,u1,71,2013-05-21 17:55:18
1369159229,1369159673,u1,444,2013-05-21 18:00:29
1369159954,1369160488,u1,534,2013-05-21 18:12:34
1369167225,1369167376,u1,151,2013-05-21 20:13:45
1369167647,1369167970,u1,323,2013-05-21 20:20:47
1369172541,1369172732,u1,191,2013-05-21 21:42:21
